39 39
-1.425 0.95
-1.35 0.95
-1.275 0.95
-1.2 0.95
-1.125 0.95
-1.05 0.95
-0.975 0.95
-0.9 0.95
-0.825 0.95
-0.75 0.95
-0.675 0.95
-0.6 0.95
-0.525 0.95
-0.45 0.95
-0.375 0.95
-0.3 0.95
-0.225 0.95
-0.15 0.95
-0.075 0.95
0 0.95
0.075 0.95
0.15 0.95
0.225 0.95
0.3 0.95
0.375 0.95
0.45 0.95
0.525 0.95
0.6 0.95
0.675 0.95
0.75 0.95
0.825 0.95
0.9 0.95
0.975 0.95
1.05 0.95
1.125 0.95
1.2 0.95
1.275 0.95
1.35 0.95
1.425 0.95
-1.425 0.9
-1.35 0.9
-1.275 0.9
-1.2 0.9
-1.125 0.9
-1.05 0.9
-0.975 0.9
-0.9 0.9
-0.825 0.9
-0.75 0.9
-0.675 0.9
-0.6 0.9
-0.525 0.9
-0.45 0.9
-0.375 0.9
-0.3 0.9
-0.225 0.9
-0.15 0.9
-0.075 0.9
0 0.9
0.075 0.9
0.15 0.9
0.225 0.9
0.3 0.9
0.375 0.9
0.45 0.9
0.525 0.9
0.6 0.9
0.675 0.9
0.75 0.9
0.825 0.9
0.9 0.9
0.975 0.9
1.05 0.9
1.125 0.9
1.2 0.9
1.275 0.9
1.35 0.9
1.425 0.9
-1.425 0.85
-1.35 0.85
-1.275 0.85
-1.2 0.85
-1.125 0.85
-1.05 0.85
-0.975 0.85
-0.9 0.85
-0.825 0.85
-0.75 0.85
-0.675 0.85
-0.6 0.85
-0.525 0.85
-0.45 0.85
-0.375 0.85
-0.3 0.85
-0.225 0.85
-0.15 0.85
-0.075 0.85
0 0.85
0.075 0.85
0.15 0.85
0.225 0.85
0.3 0.85
0.375 0.85
0.45 0.85
0.525 0.85
0.6 0.85
0.675 0.85
0.75 0.85
0.825 0.85
0.9 0.85
0.975 0.85
1.05 0.85
1.125 0.85
1.2 0.85
1.275 0.85
1.35 0.85
1.425 0.85
-1.425 0.8
-1.35 0.8
-1.275 0.8
-1.2 0.8
-1.125 0.8
-1.05 0.8
-0.975 0.8
-0.9 0.8
-0.825 0.8
-0.75 0.8
-0.675 0.8
-0.6 0.8
-0.525 0.8
-0.45 0.8
-0.375 0.8
-0.3 0.8
-0.225 0.8
-0.15 0.8
-0.075 0.8
0 0.8
0.075 0.8
0.15 0.8
0.225 0.8
0.3 0.8
0.375 0.8
0.45 0.8
0.525 0.8
0.6 0.8
0.675 0.8
0.75 0.8
0.825 0.8
0.9 0.8
0.975 0.8
1.05 0.8
1.125 0.8
1.2 0.8
1.275 0.8
1.35 0.8
1.425 0.8
-1.425 0.75
-1.35 0.75
-1.275 0.75
-1.2 0.75
-1.125 0.75
-1.05 0.75
-0.975 0.75
-0.9 0.75
-0.825 0.75
-0.75 0.75
-0.675 0.75
-0.6 0.75
-0.525 0.75
-0.45 0.75
-0.375 0.75
-0.3 0.75
-0.225 0.75
-0.15 0.75
-0.075 0.75
0 0.75
0.075 0.75
0.15 0.75
0.225 0.75
0.3 0.75
0.375 0.75
0.45 0.75
0.525 0.75
0.6 0.75
0.675 0.75
0.75 0.75
0.825 0.75
0.9 0.75
0.975 0.75
1.05 0.75
1.125 0.75
1.2 0.75
1.275 0.75
1.35 0.75
1.425 0.75
-1.425 0.7
-1.35 0.7
-1.275 0.7
-1.2 0.7
-1.125 0.7
-1.05 0.7
-0.975 0.7
-0.9 0.7
-0.825 0.7
-0.75 0.7
-0.675 0.7
-0.6 0.7
-0.525 0.7
-0.45 0.7
-0.375 0.7
-0.3 0.7
-0.225 0.7
-0.15 0.7
-0.075 0.7
0 0.7
0.075 0.7
0.15 0.7
0.225 0.7
0.3 0.7
0.375 0.7
0.45 0.7
0.525 0.7
0.6 0.7
0.675 0.7
0.75 0.7
0.825 0.7
0.9 0.7
0.975 0.7
1.05 0.7
1.125 0.7
1.2 0.7
1.275 0.7
1.35 0.7
1.425 0.7
-1.425 0.65
-1.35 0.65
-1.275 0.65
-1.2 0.65
-1.125 0.65
-1.05 0.65
-0.975 0.65
-0.9 0.65
-0.825 0.65
-0.75 0.65
-0.675 0.65
-0.6 0.65
-0.525 0.65
-0.45 0.65
-0.375 0.65
-0.3 0.65
-0.225 0.65
-0.15 0.65
-0.075 0.65
0 0.65
0.075 0.65
0.15 0.65
0.225 0.65
0.3 0.65
0.375 0.65
0.45 0.65
0.525 0.65
0.6 0.65
0.675 0.65
0.75 0.65
0.825 0.65
0.9 0.65
0.975 0.65
1.05 0.65
1.125 0.65
1.2 0.65
1.275 0.65
1.35 0.65
1.425 0.65
-1.425 0.6
-1.35 0.6
-1.275 0.6
-1.2 0.6
-1.125 0.6
-1.05 0.6
-0.975 0.6
-0.9 0.6
-0.825 0.6
-0.75 0.6
-0.675 0.6
-0.6 0.6
-0.525 0.6
-0.45 0.6
-0.375 0.6
-0.3 0.6
-0.225 0.6
-0.15 0.6
-0.075 0.6
0 0.6
0.075 0.6
0.15 0.6
0.225 0.6
0.3 0.6
0.375 0.6
0.45 0.6
0.525 0.6
0.6 0.6
0.675 0.6
0.75 0.6
0.825 0.6
0.9 0.6
0.975 0.6
1.05 0.6
1.125 0.6
1.2 0.6
1.275 0.6
1.35 0.6
1.425 0.6
-1.425 0.55
-1.35 0.55
-1.275 0.55
-1.2 0.55
-1.125 0.55
-1.05 0.55
-0.975 0.55
-0.9 0.55
-0.825 0.55
-0.75 0.55
-0.675 0.55
-0.6 0.55
-0.525 0.55
-0.45 0.55
-0.375 0.55
-0.3 0.55
-0.225 0.55
-0.15 0.55
-0.075 0.55
0 0.55
0.075 0.55
0.15 0.55
0.225 0.55
0.3 0.55
0.375 0.55
0.45 0.55
0.525 0.55
0.6 0.55
0.675 0.55
0.75 0.55
0.825 0.55
0.9 0.55
0.975 0.55
1.05 0.55
1.125 0.55
1.2 0.55
1.275 0.55
1.35 0.55
1.425 0.55
-1.425 0.5
-1.35 0.5
-1.275 0.5
-1.2 0.5
-1.125 0.5
-1.05 0.5
-0.975 0.5
-0.9 0.5
-0.825 0.5
-0.75 0.5
-0.675 0.5
-0.6 0.5
-0.525 0.5
-0.45 0.5
-0.375 0.5
-0.3 0.5
-0.225 0.5
-0.15 0.5
-0.075 0.5
0 0.5
0.075 0.5
0.15 0.5
0.225 0.5
0.3 0.5
0.375 0.5
0.45 0.5
0.525 0.5
0.6 0.5
0.675 0.5
0.75 0.5
0.825 0.5
0.9 0.5
0.975 0.5
1.05 0.5
1.125 0.5
1.2 0.5
1.275 0.5
1.35 0.5
1.425 0.5
-1.425 0.45
-1.35 0.45
-1.275 0.45
-1.2 0.45
-1.125 0.45
-1.05 0.45
-0.975 0.45
-0.9 0.45
-0.825 0.45
-0.75 0.45
-0.675 0.45
-0.6 0.45
-0.525 0.45
-0.45 0.45
-0.375 0.45
-0.3 0.45
-0.225 0.45
-0.15 0.45
-0.075 0.45
0 0.45
0.075 0.45
0.15 0.45
0.225 0.45
0.3 0.45
0.375 0.45
0.45 0.45
0.525 0.45
0.6 0.45
0.675 0.45
0.75 0.45
0.825 0.45
0.9 0.45
0.975 0.45
1.05 0.45
1.125 0.45
1.2 0.45
1.275 0.45
1.35 0.45
1.425 0.45
-1.425 0.4
-1.35 0.4
-1.275 0.4
-1.2 0.4
-1.125 0.4
-1.05 0.4
-0.975 0.4
-0.9 0.4
-0.825 0.4
-0.75 0.4
-0.675 0.4
-0.6 0.4
-0.525 0.4
-0.45 0.4
-0.375 0.4
-0.3 0.4
-0.225 0.4
-0.15 0.4
-0.075 0.4
0 0.4
0.075 0.4
0.15 0.4
0.225 0.4
0.3 0.4
0.375 0.4
0.45 0.4
0.525 0.4
0.6 0.4
0.675 0.4
0.75 0.4
0.825 0.4
0.9 0.4
0.975 0.4
1.05 0.4
1.125 0.4
1.2 0.4
1.275 0.4
1.35 0.4
1.425 0.4
-1.425 0.35
-1.35 0.35
-1.275 0.35
-1.2 0.35
-1.125 0.35
-1.05 0.35
-0.975 0.35
-0.9 0.35
-0.825 0.35
-0.75 0.35
-0.675 0.35
-0.6 0.35
-0.525 0.35
-0.45 0.35
-0.375 0.35
-0.3 0.35
-0.225 0.35
-0.15 0.35
-0.075 0.35
0 0.35
0.075 0.35
0.15 0.35
0.225 0.35
0.3 0.35
0.375 0.35
0.45 0.35
0.525 0.35
0.6 0.35
0.675 0.35
0.75 0.35
0.825 0.35
0.9 0.35
0.975 0.35
1.05 0.35
1.125 0.35
1.2 0.35
1.275 0.35
1.35 0.35
1.425 0.35
-1.425 0.3
-1.35 0.3
-1.275 0.3
-1.2 0.3
-1.125 0.3
-1.05 0.3
-0.975 0.3
-0.9 0.3
-0.825 0.3
-0.75 0.3
-0.675 0.3
-0.6 0.3
-0.525 0.3
-0.45 0.3
-0.375 0.3
-0.3 0.3
-0.225 0.3
-0.15 0.3
-0.075 0.3
0 0.3
0.075 0.3
0.15 0.3
0.225 0.3
0.3 0.3
0.375 0.3
0.45 0.3
0.525 0.3
0.6 0.3
0.675 0.3
0.75 0.3
0.825 0.3
0.9 0.3
0.975 0.3
1.05 0.3
1.125 0.3
1.2 0.3
1.275 0.3
1.35 0.3
1.425 0.3
-1.425 0.25
-1.35 0.25
-1.275 0.25
-1.2 0.25
-1.125 0.25
-1.05 0.25
-0.975 0.25
-0.9 0.25
-0.825 0.25
-0.75 0.25
-0.675 0.25
-0.6 0.25
-0.525 0.25
-0.45 0.25
-0.375 0.25
-0.3 0.25
-0.225 0.25
-0.15 0.25
-0.075 0.25
0 0.25
0.075 0.25
0.15 0.25
0.225 0.25
0.3 0.25
0.375 0.25
0.45 0.25
0.525 0.25
0.6 0.25
0.675 0.25
0.75 0.25
0.825 0.25
0.9 0.25
0.975 0.25
1.05 0.25
1.125 0.25
1.2 0.25
1.275 0.25
1.35 0.25
1.425 0.25
-1.425 0.2
-1.35 0.2
-1.275 0.2
-1.2 0.2
-1.125 0.2
-1.05 0.2
-0.975 0.2
-0.9 0.2
-0.825 0.2
-0.75 0.2
-0.675 0.2
-0.6 0.2
-0.525 0.2
-0.45 0.2
-0.375 0.2
-0.3 0.2
-0.225 0.2
-0.15 0.2
-0.075 0.2
0 0.2
0.075 0.2
0.15 0.2
0.225 0.2
0.3 0.2
0.375 0.2
0.45 0.2
0.525 0.2
0.6 0.2
0.675 0.2
0.75 0.2
0.825 0.2
0.9 0.2
0.975 0.2
1.05 0.2
1.125 0.2
1.2 0.2
1.275 0.2
1.35 0.2
1.425 0.2
-1.425 0.15
-1.35 0.15
-1.275 0.15
-1.2 0.15
-1.125 0.15
-1.05 0.15
-0.975 0.15
-0.9 0.15
-0.825 0.15
-0.75 0.15
-0.675 0.15
-0.6 0.15
-0.525 0.15
-0.45 0.15
-0.375 0.15
-0.3 0.15
-0.225 0.15
-0.15 0.15
-0.075 0.15
0 0.15
0.075 0.15
0.15 0.15
0.225 0.15
0.3 0.15
0.375 0.15
0.45 0.15
0.525 0.15
0.6 0.15
0.675 0.15
0.75 0.15
0.825 0.15
0.9 0.15
0.975 0.15
1.05 0.15
1.125 0.15
1.2 0.15
1.275 0.15
1.35 0.15
1.425 0.15
-1.425 0.1
-1.35 0.1
-1.275 0.1
-1.2 0.1
-1.125 0.1
-1.05 0.1
-0.975 0.1
-0.9 0.1
-0.825 0.1
-0.75 0.1
-0.675 0.1
-0.6 0.1
-0.525 0.1
-0.45 0.1
-0.375 0.1
-0.3 0.1
-0.225 0.1
-0.15 0.1
-0.075 0.1
0 0.1
0.075 0.1
0.15 0.1
0.225 0.1
0.3 0.1
0.375 0.1
0.45 0.1
0.525 0.1
0.6 0.1
0.675 0.1
0.75 0.1
0.825 0.1
0.9 0.1
0.975 0.1
1.05 0.1
1.125 0.1
1.2 0.1
1.275 0.1
1.35 0.1
1.425 0.1
-1.425 0.05
-1.35 0.05
-1.275 0.05
-1.2 0.05
-1.125 0.05
-1.05 0.05
-0.975 0.05
-0.9 0.05
-0.825 0.05
-0.75 0.05
-0.675 0.05
-0.6 0.05
-0.525 0.05
-0.45 0.05
-0.375 0.05
-0.3 0.05
-0.225 0.05
-0.15 0.05
-0.075 0.05
0 0.05
0.075 0.05
0.15 0.05
0.225 0.05
0.3 0.05
0.375 0.05
0.45 0.05
0.525 0.05
0.6 0.05
0.675 0.05
0.75 0.05
0.825 0.05
0.9 0.05
0.975 0.05
1.05 0.05
1.125 0.05
1.2 0.05
1.275 0.05
1.35 0.05
1.425 0.05
-1.425 0
-1.35 0
-1.275 0
-1.2 0
-1.125 0
-1.05 0
-0.975 0
-0.9 0
-0.825 0
-0.75 0
-0.675 0
-0.6 0
-0.525 0
-0.45 0
-0.375 0
-0.3 0
-0.225 0
-0.15 0
-0.075 0
0 0
0.075 0
0.15 0
0.225 0
0.3 0
0.375 0
0.45 0
0.525 0
0.6 0
0.675 0
0.75 0
0.825 0
0.9 0
0.975 0
1.05 0
1.125 0
1.2 0
1.275 0
1.35 0
1.425 0
-1.425 -0.05
-1.35 -0.05
-1.275 -0.05
-1.2 -0.05
-1.125 -0.05
-1.05 -0.05
-0.975 -0.05
-0.9 -0.05
-0.825 -0.05
-0.75 -0.05
-0.675 -0.05
-0.6 -0.05
-0.525 -0.05
-0.45 -0.05
-0.375 -0.05
-0.3 -0.05
-0.225 -0.05
-0.15 -0.05
-0.075 -0.05
0 -0.05
0.075 -0.05
0.15 -0.05
0.225 -0.05
0.3 -0.05
0.375 -0.05
0.45 -0.05
0.525 -0.05
0.6 -0.05
0.675 -0.05
0.75 -0.05
0.825 -0.05
0.9 -0.05
0.975 -0.05
1.05 -0.05
1.125 -0.05
1.2 -0.05
1.275 -0.05
1.35 -0.05
1.425 -0.05
-1.425 -0.1
-1.35 -0.1
-1.275 -0.1
-1.2 -0.1
-1.125 -0.1
-1.05 -0.1
-0.975 -0.1
-0.9 -0.1
-0.825 -0.1
-0.75 -0.1
-0.675 -0.1
-0.6 -0.1
-0.525 -0.1
-0.45 -0.1
-0.375 -0.1
-0.3 -0.1
-0.225 -0.1
-0.15 -0.1
-0.075 -0.1
0 -0.1
0.075 -0.1
0.15 -0.1
0.225 -0.1
0.3 -0.1
0.375 -0.1
0.45 -0.1
0.525 -0.1
0.6 -0.1
0.675 -0.1
0.75 -0.1
0.825 -0.1
0.9 -0.1
0.975 -0.1
1.05 -0.1
1.125 -0.1
1.2 -0.1
1.275 -0.1
1.35 -0.1
1.425 -0.1
-1.425 -0.15
-1.35 -0.15
-1.275 -0.15
-1.2 -0.15
-1.125 -0.15
-1.05 -0.15
-0.975 -0.15
-0.9 -0.15
-0.825 -0.15
-0.75 -0.15
-0.675 -0.15
-0.6 -0.15
-0.525 -0.15
-0.45 -0.15
-0.375 -0.15
-0.3 -0.15
-0.225 -0.15
-0.15 -0.15
-0.075 -0.15
0 -0.15
0.075 -0.15
0.15 -0.15
0.225 -0.15
0.3 -0.15
0.375 -0.15
0.45 -0.15
0.525 -0.15
0.6 -0.15
0.675 -0.15
0.75 -0.15
0.825 -0.15
0.9 -0.15
0.975 -0.15
1.05 -0.15
1.125 -0.15
1.2 -0.15
1.275 -0.15
1.35 -0.15
1.425 -0.15
-1.425 -0.2
-1.35 -0.2
-1.275 -0.2
-1.2 -0.2
-1.125 -0.2
-1.05 -0.2
-0.975 -0.2
-0.9 -0.2
-0.825 -0.2
-0.75 -0.2
-0.675 -0.2
-0.6 -0.2
-0.525 -0.2
-0.45 -0.2
-0.375 -0.2
-0.3 -0.2
-0.225 -0.2
-0.15 -0.2
-0.075 -0.2
0 -0.2
0.075 -0.2
0.15 -0.2
0.225 -0.2
0.3 -0.2
0.375 -0.2
0.45 -0.2
0.525 -0.2
0.6 -0.2
0.675 -0.2
0.75 -0.2
0.825 -0.2
0.9 -0.2
0.975 -0.2
1.05 -0.2
1.125 -0.2
1.2 -0.2
1.275 -0.2
1.35 -0.2
1.425 -0.2
-1.425 -0.25
-1.35 -0.25
-1.275 -0.25
-1.2 -0.25
-1.125 -0.25
-1.05 -0.25
-0.975 -0.25
-0.9 -0.25
-0.825 -0.25
-0.75 -0.25
-0.675 -0.25
-0.6 -0.25
-0.525 -0.25
-0.45 -0.25
-0.375 -0.25
-0.3 -0.25
-0.225 -0.25
-0.15 -0.25
-0.075 -0.25
0 -0.25
0.075 -0.25
0.15 -0.25
0.225 -0.25
0.3 -0.25
0.375 -0.25
0.45 -0.25
0.525 -0.25
0.6 -0.25
0.675 -0.25
0.75 -0.25
0.825 -0.25
0.9 -0.25
0.975 -0.25
1.05 -0.25
1.125 -0.25
1.2 -0.25
1.275 -0.25
1.35 -0.25
1.425 -0.25
-1.425 -0.3
-1.35 -0.3
-1.275 -0.3
-1.2 -0.3
-1.125 -0.3
-1.05 -0.3
-0.975 -0.3
-0.9 -0.3
-0.825 -0.3
-0.75 -0.3
-0.675 -0.3
-0.6 -0.3
-0.525 -0.3
-0.45 -0.3
-0.375 -0.3
-0.3 -0.3
-0.225 -0.3
-0.15 -0.3
-0.075 -0.3
0 -0.3
0.075 -0.3
0.15 -0.3
0.225 -0.3
0.3 -0.3
0.375 -0.3
0.45 -0.3
0.525 -0.3
0.6 -0.3
0.675 -0.3
0.75 -0.3
0.825 -0.3
0.9 -0.3
0.975 -0.3
1.05 -0.3
1.125 -0.3
1.2 -0.3
1.275 -0.3
1.35 -0.3
1.425 -0.3
-1.425 -0.35
-1.35 -0.35
-1.275 -0.35
-1.2 -0.35
-1.125 -0.35
-1.05 -0.35
-0.975 -0.35
-0.9 -0.35
-0.825 -0.35
-0.75 -0.35
-0.675 -0.35
-0.6 -0.35
-0.525 -0.35
-0.45 -0.35
-0.375 -0.35
-0.3 -0.35
-0.225 -0.35
-0.15 -0.35
-0.075 -0.35
0 -0.35
0.075 -0.35
0.15 -0.35
0.225 -0.35
0.3 -0.35
0.375 -0.35
0.45 -0.35
0.525 -0.35
0.6 -0.35
0.675 -0.35
0.75 -0.35
0.825 -0.35
0.9 -0.35
0.975 -0.35
1.05 -0.35
1.125 -0.35
1.2 -0.35
1.275 -0.35
1.35 -0.35
1.425 -0.35
-1.425 -0.4
-1.35 -0.4
-1.275 -0.4
-1.2 -0.4
-1.125 -0.4
-1.05 -0.4
-0.975 -0.4
-0.9 -0.4
-0.825 -0.4
-0.75 -0.4
-0.675 -0.4
-0.6 -0.4
-0.525 -0.4
-0.45 -0.4
-0.375 -0.4
-0.3 -0.4
-0.225 -0.4
-0.15 -0.4
-0.075 -0.4
0 -0.4
0.075 -0.4
0.15 -0.4
0.225 -0.4
0.3 -0.4
0.375 -0.4
0.45 -0.4
0.525 -0.4
0.6 -0.4
0.675 -0.4
0.75 -0.4
0.825 -0.4
0.9 -0.4
0.975 -0.4
1.05 -0.4
1.125 -0.4
1.2 -0.4
1.275 -0.4
1.35 -0.4
1.425 -0.4
-1.425 -0.45
-1.35 -0.45
-1.275 -0.45
-1.2 -0.45
-1.125 -0.45
-1.05 -0.45
-0.975 -0.45
-0.9 -0.45
-0.825 -0.45
-0.75 -0.45
-0.675 -0.45
-0.6 -0.45
-0.525 -0.45
-0.45 -0.45
-0.375 -0.45
-0.3 -0.45
-0.225 -0.45
-0.15 -0.45
-0.075 -0.45
0 -0.45
0.075 -0.45
0.15 -0.45
0.225 -0.45
0.3 -0.45
0.375 -0.45
0.45 -0.45
0.525 -0.45
0.6 -0.45
0.675 -0.45
0.75 -0.45
0.825 -0.45
0.9 -0.45
0.975 -0.45
1.05 -0.45
1.125 -0.45
1.2 -0.45
1.275 -0.45
1.35 -0.45
1.425 -0.45
-1.425 -0.5
-1.35 -0.5
-1.275 -0.5
-1.2 -0.5
-1.125 -0.5
-1.05 -0.5
-0.975 -0.5
-0.9 -0.5
-0.825 -0.5
-0.75 -0.5
-0.675 -0.5
-0.6 -0.5
-0.525 -0.5
-0.45 -0.5
-0.375 -0.5
-0.3 -0.5
-0.225 -0.5
-0.15 -0.5
-0.075 -0.5
0 -0.5
0.075 -0.5
0.15 -0.5
0.225 -0.5
0.3 -0.5
0.375 -0.5
0.45 -0.5
0.525 -0.5
0.6 -0.5
0.675 -0.5
0.75 -0.5
0.825 -0.5
0.9 -0.5
0.975 -0.5
1.05 -0.5
1.125 -0.5
1.2 -0.5
1.275 -0.5
1.35 -0.5
1.425 -0.5
-1.425 -0.55
-1.35 -0.55
-1.275 -0.55
-1.2 -0.55
-1.125 -0.55
-1.05 -0.55
-0.975 -0.55
-0.9 -0.55
-0.825 -0.55
-0.75 -0.55
-0.675 -0.55
-0.6 -0.55
-0.525 -0.55
-0.45 -0.55
-0.375 -0.55
-0.3 -0.55
-0.225 -0.55
-0.15 -0.55
-0.075 -0.55
0 -0.55
0.075 -0.55
0.15 -0.55
0.225 -0.55
0.3 -0.55
0.375 -0.55
0.45 -0.55
0.525 -0.55
0.6 -0.55
0.675 -0.55
0.75 -0.55
0.825 -0.55
0.9 -0.55
0.975 -0.55
1.05 -0.55
1.125 -0.55
1.2 -0.55
1.275 -0.55
1.35 -0.55
1.425 -0.55
-1.425 -0.6
-1.35 -0.6
-1.275 -0.6
-1.2 -0.6
-1.125 -0.6
-1.05 -0.6
-0.975 -0.6
-0.9 -0.6
-0.825 -0.6
-0.75 -0.6
-0.675 -0.6
-0.6 -0.6
-0.525 -0.6
-0.45 -0.6
-0.375 -0.6
-0.3 -0.6
-0.225 -0.6
-0.15 -0.6
-0.075 -0.6
0 -0.6
0.075 -0.6
0.15 -0.6
0.225 -0.6
0.3 -0.6
0.375 -0.6
0.45 -0.6
0.525 -0.6
0.6 -0.6
0.675 -0.6
0.75 -0.6
0.825 -0.6
0.9 -0.6
0.975 -0.6
1.05 -0.6
1.125 -0.6
1.2 -0.6
1.275 -0.6
1.35 -0.6
1.425 -0.6
-1.425 -0.65
-1.35 -0.65
-1.275 -0.65
-1.2 -0.65
-1.125 -0.65
-1.05 -0.65
-0.975 -0.65
-0.9 -0.65
-0.825 -0.65
-0.75 -0.65
-0.675 -0.65
-0.6 -0.65
-0.525 -0.65
-0.45 -0.65
-0.375 -0.65
-0.3 -0.65
-0.225 -0.65
-0.15 -0.65
-0.075 -0.65
0 -0.65
0.075 -0.65
0.15 -0.65
0.225 -0.65
0.3 -0.65
0.375 -0.65
0.45 -0.65
0.525 -0.65
0.6 -0.65
0.675 -0.65
0.75 -0.65
0.825 -0.65
0.9 -0.65
0.975 -0.65
1.05 -0.65
1.125 -0.65
1.2 -0.65
1.275 -0.65
1.35 -0.65
1.425 -0.65
-1.425 -0.7
-1.35 -0.7
-1.275 -0.7
-1.2 -0.7
-1.125 -0.7
-1.05 -0.7
-0.975 -0.7
-0.9 -0.7
-0.825 -0.7
-0.75 -0.7
-0.675 -0.7
-0.6 -0.7
-0.525 -0.7
-0.45 -0.7
-0.375 -0.7
-0.3 -0.7
-0.225 -0.7
-0.15 -0.7
-0.075 -0.7
0 -0.7
0.075 -0.7
0.15 -0.7
0.225 -0.7
0.3 -0.7
0.375 -0.7
0.45 -0.7
0.525 -0.7
0.6 -0.7
0.675 -0.7
0.75 -0.7
0.825 -0.7
0.9 -0.7
0.975 -0.7
1.05 -0.7
1.125 -0.7
1.2 -0.7
1.275 -0.7
1.35 -0.7
1.425 -0.7
-1.425 -0.75
-1.35 -0.75
-1.275 -0.75
-1.2 -0.75
-1.125 -0.75
-1.05 -0.75
-0.975 -0.75
-0.9 -0.75
-0.825 -0.75
-0.75 -0.75
-0.675 -0.75
-0.6 -0.75
-0.525 -0.75
-0.45 -0.75
-0.375 -0.75
-0.3 -0.75
-0.225 -0.75
-0.15 -0.75
-0.075 -0.75
0 -0.75
0.075 -0.75
0.15 -0.75
0.225 -0.75
0.3 -0.75
0.375 -0.75
0.45 -0.75
0.525 -0.75
0.6 -0.75
0.675 -0.75
0.75 -0.75
0.825 -0.75
0.9 -0.75
0.975 -0.75
1.05 -0.75
1.125 -0.75
1.2 -0.75
1.275 -0.75
1.35 -0.75
1.425 -0.75
-1.425 -0.8
-1.35 -0.8
-1.275 -0.8
-1.2 -0.8
-1.125 -0.8
-1.05 -0.8
-0.975 -0.8
-0.9 -0.8
-0.825 -0.8
-0.75 -0.8
-0.675 -0.8
-0.6 -0.8
-0.525 -0.8
-0.45 -0.8
-0.375 -0.8
-0.3 -0.8
-0.225 -0.8
-0.15 -0.8
-0.075 -0.8
0 -0.8
0.075 -0.8
0.15 -0.8
0.225 -0.8
0.3 -0.8
0.375 -0.8
0.45 -0.8
0.525 -0.8
0.6 -0.8
0.675 -0.8
0.75 -0.8
0.825 -0.8
0.9 -0.8
0.975 -0.8
1.05 -0.8
1.125 -0.8
1.2 -0.8
1.275 -0.8
1.35 -0.8
1.425 -0.8
-1.425 -0.85
-1.35 -0.85
-1.275 -0.85
-1.2 -0.85
-1.125 -0.85
-1.05 -0.85
-0.975 -0.85
-0.9 -0.85
-0.825 -0.85
-0.75 -0.85
-0.675 -0.85
-0.6 -0.85
-0.525 -0.85
-0.45 -0.85
-0.375 -0.85
-0.3 -0.85
-0.225 -0.85
-0.15 -0.85
-0.075 -0.85
0 -0.85
0.075 -0.85
0.15 -0.85
0.225 -0.85
0.3 -0.85
0.375 -0.85
0.45 -0.85
0.525 -0.85
0.6 -0.85
0.675 -0.85
0.75 -0.85
0.825 -0.85
0.9 -0.85
0.975 -0.85
1.05 -0.85
1.125 -0.85
1.2 -0.85
1.275 -0.85
1.35 -0.85
1.425 -0.85
-1.425 -0.9
-1.35 -0.9
-1.275 -0.9
-1.2 -0.9
-1.125 -0.9
-1.05 -0.9
-0.975 -0.9
-0.9 -0.9
-0.825 -0.9
-0.75 -0.9
-0.675 -0.9
-0.6 -0.9
-0.525 -0.9
-0.45 -0.9
-0.375 -0.9
-0.3 -0.9
-0.225 -0.9
-0.15 -0.9
-0.075 -0.9
0 -0.9
0.075 -0.9
0.15 -0.9
0.225 -0.9
0.3 -0.9
0.375 -0.9
0.45 -0.9
0.525 -0.9
0.6 -0.9
0.675 -0.9
0.75 -0.9
0.825 -0.9
0.9 -0.9
0.975 -0.9
1.05 -0.9
1.125 -0.9
1.2 -0.9
1.275 -0.9
1.35 -0.9
1.425 -0.9
-1.425 -0.95
-1.35 -0.95
-1.275 -0.95
-1.2 -0.95
-1.125 -0.95
-1.05 -0.95
-0.975 -0.95
-0.9 -0.95
-0.825 -0.95
-0.75 -0.95
-0.675 -0.95
-0.6 -0.95
-0.525 -0.95
-0.45 -0.95
-0.375 -0.95
-0.3 -0.95
-0.225 -0.95
-0.15 -0.95
-0.075 -0.95
0 -0.95
0.075 -0.95
0.15 -0.95
0.225 -0.95
0.3 -0.95
0.375 -0.95
0.45 -0.95
0.525 -0.95
0.6 -0.95
0.675 -0.95
0.75 -0.95
0.825 -0.95
0.9 -0.95
0.975 -0.95
1.05 -0.95
1.125 -0.95
1.2 -0.95
1.275 -0.95
1.35 -0.95
1.425 -0.95
