91 81
0
0
0
0
0
0
0
0
0
0
0
0
0
0
0
0
0
0
0
0
0
0
0
0
0
0
0
0
0
0
0
0
0
0
0
0
0
0
0
0
0
0
0
0
0
0
0
0
0
0
0
0
0
0
0
0
0
0
0
0
0
0
0
0
0
0
0
0
0
0
0
0
0
0
0
0
0
0
0
0
0
0
1.62819e-07
3.16045e-07
4.89091e-07
6.33918e-07
8.17144e-07
9.5515e-07
1.14777e-06
1.28069e-06
1.48115e-06
1.61062e-06
1.81665e-06
1.94392e-06
2.15261e-06
2.27835e-06
2.48626e-06
2.61039e-06
2.81378e-06
2.93549e-06
3.13056e-06
3.24839e-06
3.43158e-06
3.54366e-06
3.71188e-06
3.81622e-06
3.96711e-06
4.06182e-06
4.19386e-06
4.27741e-06
4.38993e-06
4.46125e-06
4.55427e-06
4.61265e-06
4.68656e-06
4.73139e-06
4.78653e-06
4.81701e-06
4.85343e-06
4.86855e-06
4.88608e-06
4.88492e-06
4.88352e-06
4.86562e-06
4.84568e-06
4.81109e-06
4.77332e-06
4.72237e-06
4.66745e-06
4.60037e-06
4.52871e-06
4.4455e-06
4.35727e-06
4.25793e-06
4.15342e-06
4.03828e-06
3.91823e-06
3.78822e-06
3.65397e-06
3.51069e-06
3.3642e-06
3.2098e-06
3.05344e-06
2.89045e-06
2.72682e-06
2.55787e-06
2.38951e-06
2.21708e-06
2.04624e-06
1.87244e-06
1.70089e-06
1.52728e-06
1.35618e-06
1.18372e-06
1.01367e-06
8.42766e-07
6.73832e-07
5.04409e-07
3.36272e-07
1.67913e-07
0
0
0
3.15756e-07
6.51435e-07
9.49145e-07
1.30537e-06
1.58787e-06
1.96383e-06
2.23449e-06
2.62786e-06
2.89014e-06
3.2971e-06
3.55394e-06
3.9693e-06
4.22266e-06
4.64003e-06
4.89051e-06
5.30265e-06
5.54934e-06
5.94863e-06
6.18916e-06
6.56816e-06
6.79913e-06
7.15111e-06
7.36854e-06
7.68801e-06
7.88792e-06
8.17097e-06
8.3499e-06
8.59434e-06
8.7497e-06
8.95496e-06
9.08504e-06
9.25167e-06
9.35524e-06
9.48411e-06
9.55983e-06
9.65135e-06
9.69737e-06
9.75131e-06
9.76559e-06
9.78161e-06
9.76266e-06
9.74108e-06
9.68853e-06
9.63053e-06
9.5449e-06
9.452e-06
9.33395e-06
9.20727e-06
9.05702e-06
8.89705e-06
8.71448e-06
8.52156e-06
8.30689e-06
8.08197e-06
7.8364e-06
7.58153e-06
7.30761e-06
7.02611e-06
6.72764e-06
6.42391e-06
6.10565e-06
5.78475e-06
5.45195e-06
5.11911e-06
4.77696e-06
4.43706e-06
4.09022e-06
3.74732e-06
3.39949e-06
3.05653e-06
2.71024e-06
2.36898e-06
2.02557e-06
1.68663e-06
1.34639e-06
1.00948e-06
6.7188e-07
3.36045e-07
0
0
0
4.88128e-07
9.47718e-07
1.46633e-06
1.90101e-06
2.45003e-06
2.86456e-06
3.44168e-06
3.8413e-06
4.44194e-06
4.83156e-06
5.44895e-06
5.83234e-06
6.45778e-06
6.83688e-06
7.46009e-06
7.83462e-06
8.44435e-06
8.81174e-06
9.39655e-06
9.75231e-06
1.03014e-05
1.06398e-05
1.1144e-05
1.14589e-05
1.1911e-05
1.21967e-05
1.25921e-05
1.2844e-05
1.31808e-05
1.33957e-05
1.3674e-05
1.38499e-05
1.4071e-05
1.42062e-05
1.43713e-05
1.44634e-05
1.45724e-05
1.46184e-05
1.46707e-05
1.46677e-05
1.46631e-05
1.46096e-05
1.45494e-05
1.44456e-05
1.43319e-05
1.4179e-05
1.40141e-05
1.38129e-05
1.35978e-05
1.33482e-05
1.30834e-05
1.27853e-05
1.24715e-05
1.21258e-05
1.17651e-05
1.13745e-05
1.09711e-05
1.05405e-05
1.01001e-05
9.63607e-06
9.16601e-06
8.67615e-06
8.18428e-06
7.6766e-06
7.17066e-06
6.65269e-06
6.13949e-06
5.61759e-06
5.10246e-06
4.58132e-06
4.06778e-06
3.5503e-06
3.04008e-06
2.52742e-06
2.0207e-06
1.51259e-06
1.00836e-06
5.03509e-07
0
0
0
6.3108e-07
1.30157e-06
1.89708e-06
2.60833e-06
3.17402e-06
3.92452e-06
4.46722e-06
5.25246e-06
5.77909e-06
6.59154e-06
7.10802e-06
7.93739e-06
8.44761e-06
9.28118e-06
9.78622e-06
1.06095e-05
1.11073e-05
1.19051e-05
1.23907e-05
1.31479e-05
1.36143e-05
1.43174e-05
1.47563e-05
1.53942e-05
1.57975e-05
1.63623e-05
1.6723e-05
1.72104e-05
1.75233e-05
1.79322e-05
1.8194e-05
1.85258e-05
1.87344e-05
1.89911e-05
1.9144e-05
1.93265e-05
1.94199e-05
1.95273e-05
1.95569e-05
1.95884e-05
1.9551e-05
1.95071e-05
1.94021e-05
1.92853e-05
1.9114e-05
1.89276e-05
1.86916e-05
1.84379e-05
1.81376e-05
1.78174e-05
1.74523e-05
1.7066e-05
1.66364e-05
1.61857e-05
1.56938e-05
1.51827e-05
1.46336e-05
1.4069e-05
1.34704e-05
1.28611e-05
1.22228e-05
1.1579e-05
1.09116e-05
1.02441e-05
9.55827e-06
8.8769e-06
8.18202e-06
7.49504e-06
6.79858e-06
6.11194e-06
5.41897e-06
4.73613e-06
4.04928e-06
3.37143e-06
2.6912e-06
2.01764e-06
1.34286e-06
6.71619e-07
0
0
0
8.12433e-07
1.5781e-06
2.44071e-06
3.16579e-06
4.07862e-06
4.7712e-06
5.7306e-06
6.39948e-06
7.39804e-06
8.05146e-06
9.07809e-06
9.72231e-06
1.07626e-05
1.14008e-05
1.24377e-05
1.30691e-05
1.40839e-05
1.47038e-05
1.56771e-05
1.62777e-05
1.71915e-05
1.77627e-05
1.86014e-05
1.91326e-05
1.98841e-05
2.03656e-05
2.10222e-05
2.14462e-05
2.20048e-05
2.23661e-05
2.28272e-05
2.3123e-05
2.34894e-05
2.37171e-05
2.39909e-05
2.41468e-05
2.43279e-05
2.44065e-05
2.44931e-05
2.44892e-05
2.44806e-05
2.43917e-05
2.429e-05
2.41169e-05
2.39262e-05
2.36715e-05
2.33958e-05
2.30608e-05
2.27019e-05
2.22863e-05
2.18444e-05
2.13474e-05
2.08233e-05
2.02462e-05
1.96433e-05
1.89907e-05
1.83157e-05
1.75957e-05
1.68586e-05
1.60824e-05
1.52956e-05
1.44762e-05
1.36532e-05
1.28043e-05
1.19581e-05
1.10925e-05
1.02349e-05
9.36337e-06
8.50324e-06
7.63369e-06
6.77694e-06
5.91413e-06
5.06356e-06
4.20932e-06
3.36509e-06
2.51881e-06
1.67905e-06
8.38397e-07
0
0
0
9.455e-07
1.94904e-06
2.84249e-06
3.90635e-06
4.75656e-06
5.87879e-06
6.69617e-06
7.87028e-06
8.66534e-06
9.88038e-06
1.0662e-05
1.19028e-05
1.26768e-05
1.39244e-05
1.4692e-05
1.59247e-05
1.66825e-05
1.78772e-05
1.86171e-05
1.9751e-05
2.04618e-05
2.15142e-05
2.21829e-05
2.31371e-05
2.37509e-05
2.45948e-05
2.51429e-05
2.58701e-05
2.63447e-05
2.6954e-05
2.73507e-05
2.78448e-05
2.81612e-05
2.85438e-05
2.87767e-05
2.90491e-05
2.91926e-05
2.9353e-05
2.93999e-05
2.9446e-05
2.9391e-05
2.93233e-05
2.91657e-05
2.89884e-05
2.87313e-05
2.84501e-05
2.80964e-05
2.77151e-05
2.72653e-05
2.67845e-05
2.62371e-05
2.56567e-05
2.50115e-05
2.43333e-05
2.35935e-05
2.28236e-05
2.19968e-05
2.11455e-05
2.02437e-05
1.93248e-05
1.83629e-05
1.73922e-05
1.63867e-05
1.53807e-05
1.4348e-05
1.3322e-05
1.22767e-05
1.12433e-05
1.01966e-05
9.16482e-06
8.1244e-06
7.09939e-06
6.06906e-06
5.05239e-06
4.03267e-06
3.02309e-06
2.01196e-06
1.00621e-06
0
0
0
1.13502e-06
2.20622e-06
3.41016e-06
4.42649e-06
5.69982e-06
6.67283e-06
8.01087e-06
8.95312e-06
1.03459e-05
1.12691e-05
1.27015e-05
1.36143e-05
1.50666e-05
1.59732e-05
1.74215e-05
1.83203e-05
1.97382e-05
2.06219e-05
2.19822e-05
2.28388e-05
2.41156e-05
2.49302e-05
2.61013e-05
2.68583e-05
2.79065e-05
2.85915e-05
2.9506e-05
3.01079e-05
3.08844e-05
3.13964e-05
3.20365e-05
3.24555e-05
3.29641e-05
3.32877e-05
3.36685e-05
3.38918e-05
3.41442e-05
3.42587e-05
3.43787e-05
3.43759e-05
3.43617e-05
3.42378e-05
3.40923e-05
3.38496e-05
3.35799e-05
3.32232e-05
3.28357e-05
3.23675e-05
3.18644e-05
3.12834e-05
3.06638e-05
2.99679e-05
2.9232e-05
2.84222e-05
2.75743e-05
2.6657e-05
2.57066e-05
2.46935e-05
2.36551e-05
2.25623e-05
2.14537e-05
2.03002e-05
1.9141e-05
1.79465e-05
1.67557e-05
1.55389e-05
1.43334e-05
1.31097e-05
1.19022e-05
1.06828e-05
9.48158e-06
8.273e-06
7.08182e-06
5.88635e-06
4.7051e-06
3.52157e-06
2.34729e-06
1.17204e-06
0
0
0
1.25847e-06
2.59238e-06
3.78383e-06
5.19668e-06
6.33323e-06
7.82296e-06
8.9188e-06
1.04774e-05
1.15468e-05
1.31602e-05
1.42151e-05
1.58635e-05
1.69115e-05
1.85701e-05
1.96123e-05
2.12521e-05
2.22831e-05
2.38728e-05
2.48807e-05
2.63895e-05
2.73578e-05
2.87576e-05
2.9668e-05
3.09359e-05
3.17704e-05
3.289e-05
3.36335e-05
3.45961e-05
3.52383e-05
3.60432e-05
3.65791e-05
3.72311e-05
3.7659e-05
3.81645e-05
3.84816e-05
3.88429e-05
3.90409e-05
3.92538e-05
3.93212e-05
3.93805e-05
3.93092e-05
3.92151e-05
3.90047e-05
3.8764e-05
3.84204e-05
3.80427e-05
3.75716e-05
3.70621e-05
3.64637e-05
3.5822e-05
3.50929e-05
3.43172e-05
3.34557e-05
3.25476e-05
3.15574e-05
3.05247e-05
2.94163e-05
2.82732e-05
2.7063e-05
2.58285e-05
2.45375e-05
2.32336e-05
2.18846e-05
2.05343e-05
1.91499e-05
1.77745e-05
1.63748e-05
1.49915e-05
1.35922e-05
1.22132e-05
1.08242e-05
9.45619e-06
8.08239e-06
6.72715e-06
5.36878e-06
4.02416e-06
2.67806e-06
1.33924e-06
0
0
0
1.45509e-06
2.83089e-06
4.37242e-06
5.68095e-06
7.31015e-06
8.5667e-06
1.02783e-05
1.14994e-05
1.32814e-05
1.44823e-05
1.6316e-05
1.75079e-05
1.93684e-05
2.05563e-05
2.24131e-05
2.35941e-05
2.5413e-05
2.65763e-05
2.83217e-05
2.94502e-05
3.1088e-05
3.2161e-05
3.36619e-05
3.46578e-05
3.59993e-05
3.68985e-05
3.80662e-05
3.8854e-05
3.98428e-05
4.0511e-05
4.13244e-05
4.18707e-05
4.2517e-05
4.29409e-05
4.34267e-05
4.37227e-05
4.4046e-05
4.42011e-05
4.43541e-05
4.43549e-05
4.43328e-05
4.4174e-05
4.39812e-05
4.36678e-05
4.3316e-05
4.2857e-05
4.23564e-05
4.17561e-05
4.11087e-05
4.03635e-05
3.95659e-05
3.86711e-05
3.77215e-05
3.66772e-05
3.55805e-05
3.43946e-05
3.31633e-05
3.18516e-05
3.05052e-05
2.90894e-05
2.76517e-05
2.61574e-05
2.46548e-05
2.31085e-05
2.15667e-05
1.99936e-05
1.84352e-05
1.68557e-05
1.52975e-05
1.37262e-05
1.21789e-05
1.0624e-05
9.09199e-06
7.5559e-06
6.03848e-06
4.51909e-06
3.01184e-06
1.50382e-06
0
0
0
1.56935e-06
3.22993e-06
4.71922e-06
6.47621e-06
7.90119e-06
9.75287e-06
1.11318e-05
1.30691e-05
1.44203e-05
1.64266e-05
1.77652e-05
1.98167e-05
2.11519e-05
2.3218e-05
2.45507e-05
2.6595e-05
2.79168e-05
2.98998e-05
3.11937e-05
3.30757e-05
3.43193e-05
3.60643e-05
3.72325e-05
3.8811e-05
3.98798e-05
4.12707e-05
4.222e-05
4.34123e-05
4.42292e-05
4.5223e-05
4.59028e-05
4.67065e-05
4.72503e-05
4.78749e-05
4.82818e-05
4.87312e-05
4.899e-05
4.92556e-05
4.93481e-05
4.94194e-05
4.9333e-05
4.92089e-05
4.89443e-05
4.86359e-05
4.82044e-05
4.77274e-05
4.71395e-05
4.65016e-05
4.57565e-05
4.49542e-05
4.40445e-05
4.30726e-05
4.19938e-05
4.08526e-05
3.96086e-05
3.83077e-05
3.69121e-05
3.54699e-05
3.39445e-05
3.23861e-05
3.07582e-05
2.91126e-05
2.74122e-05
2.57096e-05
2.39668e-05
2.22353e-05
2.04763e-05
1.87383e-05
1.69831e-05
1.52541e-05
1.35151e-05
1.18032e-05
1.00861e-05
8.39275e-06
6.69702e-06
5.01888e-06
3.3398e-06
1.67002e-06
0
0
0
1.77177e-06
3.45072e-06
5.32491e-06
6.92649e-06
8.90563e-06
1.04492e-05
1.2528e-05
1.40345e-05
1.61995e-05
1.76878e-05
1.99173e-05
2.14014e-05
2.36658e-05
2.51512e-05
2.74137e-05
2.88956e-05
3.11138e-05
3.25769e-05
3.47059e-05
3.61266e-05
3.81237e-05
3.9474e-05
4.13025e-05
4.25539e-05
4.4185e-05
4.53117e-05
4.67272e-05
4.77102e-05
4.89043e-05
4.97346e-05
5.07136e-05
5.13914e-05
5.21692e-05
5.26985e-05
5.32871e-05
5.36632e-05
5.40584e-05
5.4261e-05
5.44471e-05
5.44548e-05
5.4422e-05
5.42275e-05
5.39822e-05
5.35953e-05
5.31567e-05
5.25946e-05
5.19797e-05
5.12492e-05
5.04584e-05
4.95514e-05
4.85759e-05
4.74827e-05
4.63173e-05
4.50361e-05
4.36856e-05
4.22259e-05
4.07063e-05
3.90888e-05
3.74252e-05
3.56779e-05
3.39012e-05
3.2057e-05
3.02012e-05
2.82947e-05
2.63935e-05
2.44571e-05
2.25393e-05
2.05992e-05
1.86863e-05
1.67605e-05
1.48652e-05
1.29634e-05
1.10904e-05
9.21469e-06
7.36241e-06
5.50919e-06
3.67118e-06
1.83296e-06
0
0
0
1.87733e-06
3.85981e-06
5.64637e-06
7.74134e-06
9.4569e-06
1.16636e-05
1.33309e-05
1.56398e-05
1.72814e-05
1.96743e-05
2.13089e-05
2.37583e-05
2.53968e-05
2.78668e-05
2.95093e-05
3.19563e-05
3.35906e-05
3.59658e-05
3.75685e-05
3.98227e-05
4.13633e-05
4.34519e-05
4.48977e-05
4.67842e-05
4.81039e-05
4.97616e-05
5.09289e-05
5.23441e-05
5.33434e-05
5.45175e-05
5.53458e-05
5.62926e-05
5.69558e-05
5.76949e-05
5.81987e-05
5.87369e-05
5.90657e-05
5.93862e-05
5.95101e-05
5.95924e-05
5.94917e-05
5.93324e-05
5.90102e-05
5.86272e-05
5.81047e-05
5.75247e-05
5.68211e-05
5.60556e-05
5.51673e-05
5.42059e-05
5.31178e-05
5.19491e-05
5.06523e-05
4.9274e-05
4.77718e-05
4.61954e-05
4.45054e-05
4.27547e-05
4.09048e-05
3.90117e-05
3.70366e-05
3.50379e-05
3.2976e-05
3.09107e-05
2.88006e-05
2.67043e-05
2.45794e-05
2.24807e-05
2.03656e-05
1.82833e-05
1.61929e-05
1.4136e-05
1.2076e-05
1.00455e-05
8.01431e-06
6.00483e-06
3.99552e-06
1.99768e-06
0
0
0
2.08403e-06
4.06394e-06
6.26465e-06
8.1598e-06
1.04816e-05
1.23159e-05
1.47541e-05
1.65531e-05
1.90937e-05
2.08806e-05
2.34997e-05
2.52912e-05
2.79552e-05
2.97575e-05
3.24232e-05
3.42288e-05
3.68454e-05
3.86328e-05
4.11455e-05
4.28828e-05
4.52389e-05
4.68893e-05
4.90436e-05
5.05706e-05
5.24881e-05
5.38582e-05
5.55156e-05
5.67042e-05
5.80948e-05
5.90928e-05
6.02273e-05
6.10391e-05
6.19399e-05
6.25793e-05
6.32695e-05
6.37359e-05
6.42069e-05
6.44671e-05
6.46882e-05
6.47072e-05
6.46599e-05
6.44271e-05
6.41208e-05
6.36548e-05
6.31221e-05
6.2455e-05
6.17251e-05
6.08686e-05
5.99374e-05
5.88725e-05
5.77205e-05
5.64301e-05
5.50469e-05
5.35257e-05
5.19151e-05
5.01747e-05
4.83574e-05
4.64244e-05
4.44322e-05
4.23421e-05
4.02138e-05
3.80078e-05
3.57864e-05
3.35086e-05
3.1237e-05
2.89285e-05
2.66432e-05
2.43367e-05
2.20638e-05
1.97807e-05
1.75352e-05
1.52861e-05
1.30725e-05
1.08586e-05
8.67343e-06
6.4892e-06
4.32348e-06
2.15855e-06
0
0
0
2.18144e-06
4.47987e-06
6.56242e-06
8.98791e-06
1.09959e-05
1.35493e-05
1.55103e-05
1.81827e-05
2.01242e-05
2.28962e-05
2.48407e-05
2.76825e-05
2.9643e-05
3.25138e-05
3.4489e-05
3.73378e-05
3.93105e-05
4.20787e-05
4.40171e-05
4.66443e-05
4.85079e-05
5.09398e-05
5.26867e-05
5.48793e-05
5.64696e-05
5.83899e-05
5.97893e-05
6.14193e-05
6.26087e-05
6.39522e-05
6.49318e-05
6.60099e-05
6.67938e-05
6.76408e-05
6.82504e-05
6.88817e-05
6.9294e-05
6.96752e-05
6.98396e-05
6.99326e-05
6.9818e-05
6.96155e-05
6.92288e-05
6.87598e-05
6.81396e-05
6.74515e-05
6.66345e-05
6.57456e-05
6.47204e-05
6.36035e-05
6.23407e-05
6.09755e-05
5.946e-05
5.784e-05
5.60738e-05
5.42128e-05
5.22188e-05
5.01477e-05
4.79616e-05
4.57201e-05
4.33845e-05
4.10184e-05
3.85818e-05
3.61402e-05
3.36514e-05
3.11798e-05
2.86806e-05
2.62141e-05
2.37343e-05
2.1295e-05
1.88514e-05
1.64489e-05
1.40469e-05
1.16808e-05
9.31677e-06
6.979e-06
4.64321e-06
2.32122e-06
0
0
0
2.3907e-06
4.66844e-06
7.18821e-06
9.37676e-06
1.20325e-05
1.41609e-05
1.69495e-05
1.90484e-05
2.19562e-05
2.40537e-05
2.70556e-05
2.91717e-05
3.22309e-05
3.43724e-05
3.74401e-05
3.9596e-05
4.26122e-05
4.47532e-05
4.76515e-05
4.97345e-05
5.24506e-05
5.4428e-05
5.6908e-05
5.8734e-05
6.0936e-05
6.25677e-05
6.44611e-05
6.58661e-05
6.74426e-05
6.86123e-05
6.98894e-05
7.08346e-05
7.18444e-05
7.25969e-05
7.33895e-05
7.39616e-05
7.45181e-05
7.4851e-05
7.51124e-05
7.5148e-05
7.50815e-05
7.48045e-05
7.44241e-05
7.38673e-05
7.32281e-05
7.24519e-05
7.16087e-05
7.06353e-05
6.95702e-05
6.8354e-05
6.70288e-05
6.55438e-05
6.39408e-05
6.21759e-05
6.02971e-05
5.82669e-05
5.61398e-05
5.38794e-05
5.15444e-05
4.90973e-05
4.66014e-05
4.40184e-05
4.14155e-05
3.87523e-05
3.60966e-05
3.3405e-05
3.07423e-05
2.80622e-05
2.54237e-05
2.278e-05
2.01821e-05
1.75857e-05
1.50321e-05
1.24825e-05
9.96721e-06
7.4558e-06
4.96649e-06
2.47944e-06
0
0
0
2.4805e-06
5.0876e-06
7.4639e-06
1.02111e-05
1.25125e-05
1.5403e-05
1.76629e-05
2.06892e-05
2.29402e-05
2.60833e-05
2.83528e-05
3.15813e-05
3.38844e-05
3.71538e-05
3.94881e-05
4.27399e-05
4.50816e-05
4.82461e-05
5.0552e-05
5.35554e-05
5.5772e-05
5.85487e-05
6.06236e-05
6.31226e-05
6.50064e-05
6.71866e-05
6.88335e-05
7.06695e-05
7.20551e-05
7.35546e-05
7.46866e-05
7.5879e-05
7.67765e-05
7.77216e-05
7.84491e-05
7.9185e-05
7.97024e-05
8.01566e-05
8.03746e-05
8.04796e-05
8.03499e-05
8.00924e-05
7.96275e-05
7.90536e-05
7.83215e-05
7.75169e-05
7.65926e-05
7.55923e-05
7.44415e-05
7.31749e-05
7.17436e-05
7.0184e-05
6.84496e-05
6.65823e-05
6.45441e-05
6.23867e-05
6.00765e-05
5.76705e-05
5.51335e-05
5.25268e-05
4.9814e-05
4.70622e-05
4.4234e-05
4.13993e-05
3.85176e-05
3.56574e-05
3.2774e-05
2.99312e-05
2.70814e-05
2.4281e-05
2.1483e-05
1.87345e-05
1.59922e-05
1.32927e-05
1.05996e-05
7.93773e-06
5.28038e-06
2.63938e-06
0
0
0
2.69043e-06
5.26165e-06
8.09159e-06
1.05723e-05
1.3552e-05
1.5977e-05
1.91057e-05
2.15116e-05
2.4777e-05
2.71974e-05
3.05749e-05
3.3034e-05
3.64848e-05
3.89904e-05
4.24606e-05
4.49976e-05
4.84177e-05
5.09463e-05
5.42357e-05
5.66979e-05
5.97778e-05
6.21123e-05
6.49199e-05
6.70721e-05
6.95592e-05
7.14741e-05
7.35984e-05
7.523e-05
7.69792e-05
7.8322e-05
7.97275e-05
8.07993e-05
8.18903e-05
8.27532e-05
8.36541e-05
8.43583e-05
8.50209e-05
8.54497e-05
8.57618e-05
8.5821e-05
8.5729e-05
8.5397e-05
8.49209e-05
8.4251e-05
8.34822e-05
8.25877e-05
8.16384e-05
8.05709e-05
7.93849e-05
7.80251e-05
7.65329e-05
7.48581e-05
7.30344e-05
7.10207e-05
6.88631e-05
6.65307e-05
6.40788e-05
6.14761e-05
5.87811e-05
5.59596e-05
5.30764e-05
5.00971e-05
4.70924e-05
4.40258e-05
4.09692e-05
3.78808e-05
3.48289e-05
3.1767e-05
2.87565e-05
2.57489e-05
2.27969e-05
1.98537e-05
1.69619e-05
1.40798e-05
1.12385e-05
8.40496e-06
5.5975e-06
2.79428e-06
0
0
0
2.77312e-06
5.68014e-06
8.34666e-06
1.14051e-05
1.4e-05
1.72166e-05
1.97794e-05
2.3149e-05
2.57189e-05
2.92242e-05
3.18338e-05
3.54437e-05
3.81117e-05
4.1779e-05
4.45018e-05
4.81611e-05
5.09072e-05
5.44756e-05
5.71861e-05
6.05725e-05
6.3176e-05
6.63014e-05
6.87342e-05
7.15427e-05
7.37475e-05
7.6188e-05
7.80999e-05
8.01313e-05
8.17164e-05
8.33538e-05
8.46409e-05
8.59251e-05
8.69039e-05
8.79283e-05
8.8795e-05
8.96633e-05
9.03218e-05
9.08722e-05
9.11626e-05
9.12831e-05
9.11349e-05
9.08048e-05
9.02375e-05
8.95251e-05
8.8651e-05
8.77125e-05
8.66955e-05
8.56216e-05
8.43622e-05
8.29498e-05
8.13606e-05
7.9612e-05
7.76599e-05
7.55378e-05
7.32161e-05
7.07465e-05
6.81045e-05
6.53463e-05
6.2441e-05
5.94488e-05
5.63379e-05
5.31775e-05
4.9936e-05
4.6687e-05
4.33944e-05
4.01297e-05
3.68503e-05
3.36216e-05
3.03958e-05
2.72307e-05
2.40772e-05
2.09833e-05
1.79033e-05
1.48742e-05
1.18571e-05
8.87661e-06
5.90408e-06
2.95066e-06
0
0
0
2.9817e-06
5.84054e-06
8.9702e-06
1.17405e-05
1.50325e-05
1.77553e-05
2.12123e-05
2.39311e-05
2.75438e-05
3.02989e-05
3.40444e-05
3.68654e-05
4.07052e-05
4.36017e-05
4.7478e-05
5.04308e-05
5.42639e-05
5.72199e-05
6.09112e-05
6.3791e-05
6.72418e-05
6.99661e-05
7.31055e-05
7.56146e-05
7.83928e-05
8.06169e-05
8.29701e-05
8.48361e-05
8.67408e-05
8.82486e-05
8.97792e-05
9.09692e-05
9.20643e-05
9.30215e-05
9.4055e-05
9.49409e-05
9.57502e-05
9.63105e-05
9.66909e-05
9.67825e-05
9.66569e-05
9.62519e-05
9.56464e-05
9.48212e-05
9.38761e-05
9.28362e-05
9.18012e-05
9.07123e-05
8.94195e-05
8.7913e-05
8.62696e-05
8.44139e-05
8.23708e-05
8.01004e-05
7.76485e-05
7.49961e-05
7.22007e-05
6.92385e-05
6.6164e-05
6.29471e-05
5.96519e-05
5.62514e-05
5.28194e-05
4.93266e-05
4.5848e-05
4.23465e-05
3.88917e-05
3.54388e-05
3.20496e-05
2.86751e-05
2.5368e-05
2.20797e-05
1.88525e-05
1.56427e-05
1.24808e-05
9.33187e-06
6.21327e-06
3.10144e-06
0
0
0
3.05766e-06
6.25421e-06
9.20577e-06
1.25636e-05
1.54503e-05
1.89802e-05
2.18486e-05
2.55496e-05
2.84462e-05
3.23041e-05
3.52688e-05
3.92547e-05
4.23108e-05
4.63773e-05
4.95213e-05
5.3597e-05
5.67883e-05
6.07747e-05
6.39333e-05
6.77151e-05
7.07429e-05
7.42223e-05
7.70444e-05
8.01696e-05
8.27298e-05
8.54381e-05
8.76368e-05
8.98495e-05
9.16325e-05
9.3368e-05
9.48425e-05
9.62124e-05
9.71354e-05
9.82068e-05
9.92676e-05
0.000100333
0.000101193
0.000101878
0.000102266
0.000102408
0.000102235
0.000101808
0.0001011
0.000100191
9.91082e-05
9.79844e-05
9.69036e-05
9.58981e-05
9.45311e-05
9.29469e-05
9.12327e-05
8.93045e-05
8.714e-05
8.4751e-05
8.21276e-05
7.93226e-05
7.6329e-05
7.31998e-05
6.99073e-05
6.65056e-05
6.29702e-05
5.93718e-05
5.56887e-05
5.19986e-05
4.82728e-05
4.45848e-05
4.08955e-05
3.72706e-05
3.36632e-05
3.01299e-05
2.66211e-05
2.31836e-05
1.97702e-05
1.64166e-05
1.30821e-05
9.79039e-06
6.5108e-06
3.25333e-06
0
0
0
3.26277e-06
6.4016e-06
9.81884e-06
1.28743e-05
1.64652e-05
1.94852e-05
2.32573e-05
2.62932e-05
3.02414e-05
3.33416e-05
3.74472e-05
4.06484e-05
4.48753e-05
4.81914e-05
5.24806e-05
5.5889e-05
6.01508e-05
6.35815e-05
6.76933e-05
7.10354e-05
7.48678e-05
7.80149e-05
8.14898e-05
8.43904e-05
8.74767e-05
9.00446e-05
9.26347e-05
9.47323e-05
9.67785e-05
9.83827e-05
0.000100108
0.000101478
0.000102268
0.000103303
0.00010456
0.00010573
0.000106757
0.000107499
0.000107973
0.000108107
0.000107938
0.000107435
0.000106652
0.000105599
0.000104378
0.000103099
0.000102
0.000101194
9.9738e-05
9.80096e-05
9.62903e-05
9.42603e-05
9.20089e-05
8.94641e-05
8.66936e-05
8.36927e-05
8.0531e-05
7.71924e-05
7.37183e-05
7.00815e-05
6.63434e-05
6.24888e-05
5.85962e-05
5.46478e-05
5.07215e-05
4.6787e-05
4.29141e-05
3.90604e-05
3.52862e-05
3.15428e-05
2.78808e-05
2.42506e-05
2.06927e-05
1.71618e-05
1.36868e-05
1.02308e-05
6.81003e-06
3.39904e-06
0
0
0
3.33224e-06
6.80615e-06
1.00356e-05
1.3679e-05
1.68537e-05
2.06827e-05
2.38572e-05
2.78758e-05
3.11053e-05
3.53049e-05
3.86377e-05
4.29944e-05
4.64617e-05
5.09308e-05
5.45315e-05
5.90382e-05
6.27228e-05
6.71511e-05
7.08104e-05
7.50081e-05
7.85008e-05
8.23384e-05
8.55768e-05
8.90294e-05
9.19962e-05
9.49901e-05
9.75184e-05
9.98725e-05
0.000101886
0.000103515
0.00010537
0.000107052
0.000107233
0.00010839
0.000109826
0.000111227
0.000112381
0.000113252
0.000113769
0.000113941
0.000113736
0.000113183
0.00011228
0.000111084
0.000109653
0.000108166
0.00010698
0.000106733
0.000105028
0.000103085
0.000101443
9.93106e-05
9.69652e-05
9.42755e-05
9.13221e-05
8.81412e-05
8.47732e-05
8.12582e-05
7.75608e-05
7.37223e-05
6.97278e-05
6.56522e-05
6.14902e-05
5.73246e-05
5.31379e-05
4.90045e-05
4.48901e-05
4.08585e-05
3.68641e-05
3.29607e-05
2.90984e-05
2.53211e-05
2.15804e-05
1.79096e-05
1.42666e-05
1.0673e-05
7.09648e-06
3.54535e-06
0
0
0
3.53172e-06
6.94083e-06
1.06317e-05
1.39654e-05
1.78403e-05
2.11544e-05
2.52265e-05
2.8581e-05
3.28514e-05
3.63045e-05
4.07611e-05
4.43594e-05
4.89723e-05
5.2737e-05
5.74501e-05
6.13586e-05
6.60743e-05
7.00377e-05
7.46017e-05
7.84603e-05
8.26897e-05
8.62869e-05
9.00913e-05
9.34164e-05
9.68601e-05
9.98097e-05
0.0001027
0.000104945
0.000107278
0.000108453
0.000110787
0.000113084
0.000111909
0.00011334
0.000115141
0.000116783
0.00011813
0.000119111
0.000119706
0.000119892
0.000119671
0.000119043
0.000118025
0.000116643
0.000114959
0.00011312
0.00011164
0.000112776
0.000110413
0.000108044
0.000106781
0.000104424
0.000102057
9.91656e-05
9.6048e-05
9.26382e-05
8.90882e-05
8.53667e-05
8.14779e-05
7.73922e-05
7.31699e-05
6.88161e-05
6.44182e-05
5.9976e-05
5.55707e-05
5.11805e-05
4.6873e-05
4.26089e-05
3.84446e-05
3.43318e-05
3.03173e-05
2.63507e-05
2.24691e-05
1.86259e-05
1.48474e-05
1.10954e-05
7.38347e-06
3.68493e-06
0
0
0
3.59477e-06
7.33193e-06
1.08297e-05
1.47431e-05
1.81994e-05
2.23113e-05
2.57892e-05
3.01102e-05
3.3675e-05
3.8204e-05
4.19153e-05
4.66367e-05
5.05366e-05
5.54133e-05
5.95082e-05
6.44676e-05
6.87025e-05
7.36115e-05
7.78394e-05
8.24886e-05
8.64912e-05
9.06828e-05
9.43407e-05
9.81203e-05
0.00010161
0.000104881
0.000107932
0.000110122
0.000112981
0.000113055
0.000116165
0.000124409
0.0028147
0.00346026
0.00367928
0.0037749
0.0038229
0.00384818
0.00386064
0.00386439
0.00386061
0.00384812
0.00382281
0.00377477
0.00367912
0.00346006
0.00281445
0.00012409
0.000115796
0.000112623
0.000112497
0.000109552
0.000107324
0.000104148
0.000100864
9.72008e-05
9.34472e-05
8.95543e-05
8.54435e-05
8.1135e-05
7.66328e-05
7.20248e-05
6.73322e-05
6.26469e-05
5.79657e-05
5.3362e-05
4.88067e-05
4.43588e-05
3.9974e-05
3.57009e-05
3.14893e-05
2.73786e-05
2.33194e-05
1.93414e-05
1.54012e-05
1.15174e-05
7.65655e-06
3.82445e-06
0
0
0
3.78646e-06
7.45382e-06
1.14023e-05
1.50049e-05
1.91467e-05
2.27485e-05
2.71035e-05
3.07745e-05
3.53518e-05
3.91618e-05
4.39588e-05
4.79674e-05
5.29649e-05
5.72061e-05
6.23574e-05
6.68155e-05
7.20226e-05
7.65928e-05
8.16634e-05
8.61113e-05
9.07634e-05
9.48234e-05
9.89078e-05
0.000102643
0.000106656
0.000109867
0.000113581
0.000114989
0.000126117
0.00284231
0.00362842
0.00421612
0.00576775
0.00649585
0.00682832
0.0069927
0.00707946
0.00712607
0.00714921
0.00715621
0.00714918
0.00712601
0.00707937
0.00699258
0.00682817
0.00649566
0.00576751
0.00421583
0.00362808
0.0028419
0.000125617
0.000114424
0.000112931
0.000109161
0.000105825
0.000101784
9.78703e-05
9.38031e-05
8.94982e-05
8.49253e-05
8.01576e-05
7.52378e-05
7.02726e-05
6.52871e-05
6.03656e-05
5.54946e-05
5.07364e-05
4.6054e-05
4.1497e-05
3.70174e-05
3.26559e-05
2.83614e-05
2.41661e-05
2.00225e-05
1.5953e-05
1.19181e-05
7.92876e-06
3.95671e-06
0
0
0
3.84297e-06
7.8272e-06
1.15811e-05
1.57469e-05
1.94752e-05
2.38516e-05
2.76266e-05
3.22322e-05
3.61306e-05
4.09742e-05
4.50696e-05
5.01478e-05
5.44978e-05
5.97875e-05
6.44137e-05
6.98543e-05
7.47077e-05
8.01588e-05
8.50504e-05
9.02169e-05
9.47907e-05
9.93171e-05
0.000103322
0.000107274
0.000111845
0.000114771
0.000146492
0.00296316
0.00402131
0.00578193
0.00675135
0.00751703
0.00857343
0.00924203
0.0096124
0.00981632
0.00993024
0.00999327
0.010025
0.0100347
0.010025
0.00999322
0.00993016
0.00981621
0.00961226
0.00924185
0.00857321
0.00751677
0.00675103
0.00578155
0.00402085
0.00296262
0.000145837
0.000114028
0.000111029
0.000106332
0.000102338
9.81497e-05
9.36324e-05
8.88033e-05
8.37155e-05
7.84911e-05
7.31949e-05
6.79334e-05
6.27188e-05
5.7619e-05
5.26084e-05
4.77373e-05
4.2962e-05
3.83233e-05
3.37704e-05
2.93364e-05
2.49708e-05
2.06987e-05
1.64755e-05
1.23162e-05
8.18599e-06
4.08816e-06
0
0
0
4.02478e-06
7.93583e-06
1.2124e-05
1.59829e-05
2.03724e-05
2.42519e-05
2.88703e-05
3.28511e-05
3.77173e-05
4.18827e-05
4.70065e-05
5.14332e-05
5.68115e-05
6.15528e-05
6.71575e-05
7.2217e-05
7.79675e-05
8.32431e-05
8.8914e-05
9.40654e-05
9.92001e-05
0.000103725
0.000107943
0.000111567
0.000130798
0.00294567
0.00406485
0.00596284
0.00721519
0.00856305
0.00952084
0.0103004
0.011112
0.011698
0.0120653
0.0122853
0.0124148
0.0124887
0.0125266
0.0125382
0.0125266
0.0124887
0.0124147
0.0122852
0.0120652
0.0116978
0.0111118
0.0103002
0.00952054
0.0085627
0.00721477
0.00596234
0.00406425
0.00294497
0.000129952
0.00011063
0.000106881
0.000102603
9.78896e-05
9.27579e-05
8.73406e-05
8.17496e-05
7.61293e-05
7.05384e-05
6.50598e-05
5.96838e-05
5.44619e-05
4.93572e-05
4.44096e-05
3.95702e-05
3.48715e-05
3.02616e-05
2.57665e-05
2.13375e-05
1.69926e-05
1.26912e-05
8.44074e-06
4.21182e-06
0
0
0
4.07445e-06
8.28739e-06
1.22825e-05
1.66809e-05
2.0668e-05
2.52883e-05
2.93494e-05
3.42192e-05
3.84438e-05
4.35839e-05
4.80622e-05
5.34856e-05
5.82965e-05
6.40014e-05
6.91911e-05
7.5144e-05
8.06937e-05
8.67809e-05
9.24801e-05
9.82931e-05
0.000103556
0.000108414
0.000114636
0.00277086
0.00394131
0.00590552
0.00725539
0.00875507
0.00995616
0.0110777
0.0119619
0.0126921
0.01336
0.0138693
0.0142142
0.0144342
0.0145697
0.0146493
0.0146908
0.0147037
0.0146908
0.0146492
0.0145696
0.0144342
0.0142141
0.0138692
0.0133598
0.0126919
0.0119616
0.0110774
0.00995577
0.0087546
0.00725483
0.00590486
0.00394053
0.00276996
0.000113566
0.000107217
0.000102286
9.68259e-05
9.10125e-05
8.50373e-05
7.90333e-05
7.3128e-05
6.73401e-05
6.17221e-05
5.62466e-05
5.09512e-05
4.57909e-05
4.07961e-05
3.59148e-05
3.1172e-05
2.65164e-05
2.19669e-05
1.74782e-05
1.3061e-05
8.67945e-06
4.33385e-06
0
0
0
4.24442e-06
8.38191e-06
1.27896e-05
1.6889e-05
2.15048e-05
2.56476e-05
3.05074e-05
3.47857e-05
3.99191e-05
4.44316e-05
4.98643e-05
5.47084e-05
6.04589e-05
6.57149e-05
7.17836e-05
7.74903e-05
8.38444e-05
8.99582e-05
9.63908e-05
0.000102443
0.000108223
0.000122106
0.00312913
0.0054828
0.0070166
0.00864554
0.00997399
0.011251
0.0123397
0.0133055
0.0140994
0.0147591
0.0153272
0.0157699
0.0160845
0.0162947
0.0164288
0.0165097
0.0165526
0.016566
0.0165526
0.0165097
0.0164287
0.0162946
0.0160844
0.0157698
0.015327
0.0147589
0.0140992
0.0133052
0.0123393
0.0112506
0.00997348
0.00864493
0.00701587
0.00548194
0.00312811
0.000120889
0.000106874
0.00010101
9.47542e-05
8.8321e-05
8.19215e-05
7.56565e-05
6.95844e-05
6.36862e-05
5.7995e-05
5.24712e-05
4.71418e-05
4.19558e-05
3.69356e-05
3.2028e-05
2.72512e-05
2.2556e-05
1.79547e-05
1.34061e-05
8.91397e-06
4.44758e-06
0
0
0
4.28674e-06
8.70791e-06
1.29261e-05
1.75353e-05
2.1764e-05
2.6605e-05
3.09362e-05
3.60464e-05
4.0583e-05
4.5997e-05
5.08483e-05
5.65996e-05
6.18712e-05
6.79866e-05
7.37591e-05
8.02449e-05
8.65625e-05
9.3423e-05
0.000100155
0.000106856
0.000137342
0.00324415
0.00590755
0.00804097
0.00963488
0.0110874
0.0123248
0.013445
0.0144141
0.0152559
0.0159592
0.0165444
0.0170341
0.0174191
0.017701
0.0178958
0.0180237
0.0181026
0.0181451
0.0181584
0.0181451
0.0181026
0.0180237
0.0178957
0.0177009
0.017419
0.0170339
0.0165442
0.015959
0.0152557
0.0144138
0.0134446
0.0123243
0.0110869
0.0096342
0.00804016
0.00590658
0.003243
0.000135965
0.000105339
9.85504e-05
9.16058e-05
8.47484e-05
7.81359e-05
7.17479e-05
6.5601e-05
5.96608e-05
5.39488e-05
4.84171e-05
4.30832e-05
3.78927e-05
3.28614e-05
2.79367e-05
2.31308e-05
1.83977e-05
1.37435e-05
9.13149e-06
4.55882e-06
0
0
0
4.44312e-06
8.78713e-06
1.3392e-05
1.77128e-05
2.25311e-05
2.69183e-05
3.19943e-05
3.65515e-05
4.19266e-05
4.67689e-05
5.24866e-05
5.77361e-05
6.38424e-05
6.9614e-05
7.61445e-05
8.25173e-05
8.95091e-05
9.66398e-05
0.000104106
0.000150281
0.00328096
0.0060575
0.00843484
0.0103757
0.0119106
0.0132328
0.0143631
0.0153558
0.0162129
0.0169491
0.017567
0.0180807
0.0185044
0.0188389
0.0190885
0.0192651
0.0193838
0.0194584
0.019499
0.0195118
0.019499
0.0194583
0.0193838
0.0192651
0.0190884
0.0188388
0.0185043
0.0180806
0.0175668
0.0169489
0.0162126
0.0153554
0.0143627
0.0132323
0.01191
0.0103749
0.00843393
0.00605641
0.00327966
0.00014873
0.000102408
9.48523e-05
8.75021e-05
8.05223e-05
7.38454e-05
6.74235e-05
6.12693e-05
5.53403e-05
4.96476e-05
4.41366e-05
3.88177e-05
3.36358e-05
2.86007e-05
2.36626e-05
1.88278e-05
1.40547e-05
9.34304e-06
4.66132e-06
0
0
0
4.47746e-06
9.08426e-06
1.35045e-05
1.83004e-05
2.27498e-05
2.77858e-05
3.23654e-05
3.76885e-05
4.25149e-05
4.81745e-05
5.33776e-05
5.94312e-05
6.51496e-05
7.16606e-05
7.8015e-05
8.50186e-05
9.20939e-05
9.99248e-05
0.000130603
0.00326078
0.00608457
0.00857509
0.0107067
0.012469
0.0138992
0.0151043
0.0161273
0.017009
0.0177647
0.0184083
0.0189481
0.0193958
0.0197622
0.020052
0.0202709
0.0204285
0.0205364
0.0206051
0.0206429
0.020655
0.0206429
0.0206051
0.0205363
0.0204285
0.0202709
0.0200519
0.0197621
0.0193957
0.018948
0.0184081
0.0177644
0.0170087
0.016127
0.0151038
0.0138987
0.0124683
0.0107059
0.00857407
0.00608333
0.00325931
0.000128863
9.80331e-05
9.01177e-05
8.28154e-05
7.58389e-05
6.91706e-05
6.27793e-05
5.66709e-05
5.07923e-05
4.51455e-05
3.96729e-05
3.43797e-05
2.9212e-05
2.41751e-05
1.92225e-05
1.43554e-05
9.53675e-06
4.76047e-06
0
0
0
4.61874e-06
9.14676e-06
1.39247e-05
1.8444e-05
2.34389e-05
2.80469e-05
3.33109e-05
3.81216e-05
4.37077e-05
4.88527e-05
5.48235e-05
6.04522e-05
6.68873e-05
7.31602e-05
8.01387e-05
8.71498e-05
9.46195e-05
0.000111264
0.00317185
0.00601363
0.00856871
0.0108109
0.0127278
0.0143238
0.0156345
0.0167279
0.0176484
0.0184309
0.0190955
0.0196572
0.0201267
0.0205148
0.0208308
0.021081
0.0212715
0.0214103
0.0215066
0.0215687
0.0216032
0.0216143
0.0216032
0.0215687
0.0215066
0.0214103
0.0212714
0.0210809
0.0208307
0.0205147
0.0201266
0.019657
0.0190952
0.0184306
0.0176481
0.0167275
0.0156339
0.0143232
0.012727
0.0108099
0.00856754
0.00601223
0.0031702
0.000109325
9.25248e-05
8.49855e-05
7.77376e-05
7.08056e-05
6.42085e-05
5.79018e-05
5.18768e-05
4.60727e-05
4.04863e-05
3.50602e-05
2.97958e-05
2.46423e-05
1.96006e-05
1.46288e-05
9.7228e-06
4.85051e-06
0
0
0
4.64438e-06
9.41228e-06
1.40107e-05
1.89674e-05
2.36124e-05
2.88151e-05
3.3616e-05
3.91207e-05
4.4206e-05
5.00764e-05
5.5597e-05
6.19161e-05
6.80492e-05
7.49326e-05
8.18633e-05
8.93654e-05
9.8918e-05
0.00299245
0.0058229
0.00842851
0.0107533
0.0127804
0.0145087
0.0159513
0.0171416
0.0181289
0.0189533
0.0196464
0.0202296
0.0207187
0.0211257
0.0214606
0.0217323
0.0219473
0.0221119
0.022233
0.0223178
0.022373
0.0224039
0.0224138
0.0224039
0.022373
0.0223177
0.0222329
0.0221118
0.0219472
0.0217322
0.0214605
0.0211255
0.0207186
0.0202294
0.0196461
0.018953
0.0181285
0.0171411
0.0159507
0.0145079
0.0127795
0.0107522
0.00842719
0.00582133
0.0029906
9.6775e-05
8.70608e-05
7.95159e-05
7.23371e-05
6.55205e-05
5.90521e-05
5.28653e-05
4.69434e-05
4.12244e-05
3.57028e-05
3.03237e-05
2.50856e-05
1.99418e-05
1.48891e-05
9.89032e-06
4.9364e-06
0
0
0
4.76937e-06
9.45648e-06
1.43814e-05
1.90735e-05
2.42171e-05
2.90177e-05
3.44387e-05
3.94705e-05
4.52321e-05
5.06415e-05
5.68242e-05
6.2787e-05
6.95075e-05
7.6252e-05
8.36846e-05
9.13322e-05
0.00256705
0.00542595
0.0081104
0.0105288
0.0126592
0.0145008
0.0160634
0.0173666
0.0184423
0.0193302
0.020066
0.0206787
0.0211895
0.0216147
0.0219663
0.0222543
0.0224871
0.0226711
0.0228125
0.0229171
0.0229909
0.0230394
0.0230667
0.0230755
0.0230667
0.0230394
0.0229909
0.0229171
0.0228124
0.0226711
0.022487
0.0222542
0.0219661
0.0216145
0.0211894
0.0206784
0.0200657
0.0193298
0.0184418
0.0173661
0.0160627
0.0145
0.0126582
0.0105275
0.0081089
0.00542417
0.00256498
8.89895e-05
8.11743e-05
7.3731e-05
6.67246e-05
6.00882e-05
5.37786e-05
4.77253e-05
4.19117e-05
3.62784e-05
3.08187e-05
2.54817e-05
2.02632e-05
1.51213e-05
1.00487e-05
5.0129e-06
0
0
0
4.78551e-06
9.68836e-06
1.44385e-05
1.95284e-05
2.43405e-05
2.96798e-05
3.46693e-05
4.03206e-05
4.56258e-05
5.16651e-05
5.74541e-05
6.39861e-05
7.04715e-05
7.76865e-05
8.52255e-05
0.000100652
0.004426
0.00747217
0.0100718
0.0123411
0.0143077
0.01599
0.0174078
0.0185861
0.0195561
0.0203528
0.0210082
0.021549
0.021996
0.0223649
0.0226681
0.0229152
0.023114
0.023271
0.0233917
0.0234815
0.0235452
0.0235873
0.0236111
0.0236188
0.0236111
0.0235873
0.0235452
0.0234815
0.0233917
0.0232709
0.0231139
0.0229151
0.022668
0.0223648
0.0219958
0.0215488
0.021008
0.0203525
0.0195557
0.0185856
0.0174071
0.0159892
0.0143068
0.0123399
0.0100704
0.00747046
0.00442397
9.82205e-05
8.26975e-05
7.49811e-05
6.77878e-05
6.10241e-05
5.45869e-05
4.84401e-05
4.25193e-05
3.68095e-05
3.12557e-05
2.585e-05
2.05465e-05
1.53382e-05
1.0188e-05
5.08454e-06
0
0
0
4.89338e-06
9.71265e-06
1.47573e-05
1.95936e-05
2.48565e-05
2.98176e-05
3.53621e-05
4.05766e-05
4.64733e-05
5.20984e-05
5.84423e-05
6.46714e-05
7.15967e-05
7.87302e-05
8.63818e-05
0.00268015
0.00627501
0.00924619
0.0117513
0.013893
0.0157205
0.0172661
0.0185582
0.0196262
0.0205013
0.0212159
0.0217994
0.0222767
0.0226677
0.0229878
0.0232489
0.0234605
0.0236301
0.0237636
0.0238664
0.023943
0.0239976
0.0240338
0.0240544
0.024061
0.0240543
0.0240338
0.0239976
0.023943
0.0238664
0.0237636
0.02363
0.0234604
0.0232488
0.0229876
0.0226675
0.0222765
0.0217991
0.0212156
0.0205009
0.0196257
0.0185576
0.0172654
0.0157196
0.0138919
0.0117499
0.00924454
0.00627305
0.00267782
8.37472e-05
7.60415e-05
6.87107e-05
6.18336e-05
5.53078e-05
4.90609e-05
4.30686e-05
3.72712e-05
3.16551e-05
2.617e-05
2.08074e-05
1.55264e-05
1.03169e-05
5.14664e-06
0
0
0
4.89924e-06
9.90959e-06
1.47829e-05
1.99773e-05
2.49253e-05
3.03693e-05
3.55106e-05
4.12709e-05
4.67491e-05
5.29099e-05
5.89067e-05
6.55841e-05
7.22985e-05
7.97984e-05
9.19779e-05
0.00443366
0.00790018
0.0107731
0.0131799
0.0152093
0.0169179
0.0183468
0.0195309
0.0205027
0.0212943
0.0219364
0.0224567
0.0228787
0.0232213
0.0234994
0.0237246
0.0239059
0.0240504
0.024164
0.0242513
0.0243165
0.024363
0.024394
0.0244116
0.0244174
0.0244116
0.024394
0.024363
0.0243164
0.0242513
0.024164
0.0240504
0.0239058
0.0237245
0.0234993
0.0232211
0.0228785
0.0224565
0.0219361
0.021294
0.0205023
0.0195303
0.0183461
0.016917
0.0152082
0.0131786
0.0107715
0.00789828
0.00443139
8.92732e-05
7.69758e-05
6.94667e-05
6.25312e-05
5.59187e-05
4.96066e-05
4.35357e-05
3.76837e-05
3.19956e-05
2.64591e-05
2.10297e-05
1.56975e-05
1.04265e-05
5.2033e-06
0
0
0
4.98952e-06
9.91243e-06
1.50484e-05
1.99983e-05
2.53502e-05
3.0437e-05
3.60702e-05
4.1424e-05
4.74118e-05
5.31954e-05
5.96466e-05
6.60687e-05
7.30151e-05
7.94268e-05
0.00238551
0.00603391
0.00930614
0.0120695
0.0143806
0.016311
0.0179183
0.0192485
0.0203409
0.0212305
0.0219501
0.0225297
0.0229956
0.0233702
0.0236716
0.0239141
0.024109
0.0242648
0.0243884
0.0244851
0.0245594
0.0246148
0.0246545
0.0246809
0.024696
0.0247009
0.024696
0.0246809
0.0246545
0.0246148
0.0245594
0.0244851
0.0243884
0.0242648
0.0241089
0.023914
0.0236715
0.02337
0.0229954
0.0225294
0.0219498
0.0212301
0.0203403
0.0192479
0.0179174
0.01631
0.0143794
0.0120679
0.00930429
0.0060317
0.00238292
7.65686e-05
7.00287e-05
6.31067e-05
5.64358e-05
5.00554e-05
4.39395e-05
3.8026e-05
3.22955e-05
2.66997e-05
2.12276e-05
1.58399e-05
1.05247e-05
5.25037e-06
0
0
0
4.98437e-06
1.00739e-05
1.50404e-05
2.031e-05
2.53606e-05
3.08773e-05
3.61308e-05
4.19608e-05
4.75592e-05
5.37886e-05
5.993e-05
6.67352e-05
7.36854e-05
8.0495e-05
0.00372982
0.00731879
0.010477
0.0131455
0.0153705
0.0172154
0.0187376
0.0199858
0.0210019
0.0218229
0.022482
0.0230089
0.0234291
0.0237641
0.0240313
0.0242444
0.0244142
0.0245491
0.0246554
0.0247383
0.0248017
0.0248491
0.024883
0.0249056
0.0249186
0.0249228
0.0249186
0.0249056
0.024883
0.0248491
0.0248017
0.0247382
0.0246554
0.024549
0.0244142
0.0242443
0.0240312
0.023764
0.023429
0.0230087
0.0224817
0.0218225
0.0210014
0.0199852
0.0187369
0.0172145
0.0153693
0.013144
0.0104752
0.00731663
0.00372727
7.75493e-05
7.07202e-05
6.36027e-05
5.68415e-05
5.04233e-05
4.42607e-05
3.83165e-05
3.25368e-05
2.69076e-05
2.13871e-05
1.5964e-05
1.06037e-05
5.29158e-06
0
0
0
5.05695e-06
1.00538e-05
1.52523e-05
2.02839e-05
2.56946e-05
3.08709e-05
3.65584e-05
4.20055e-05
4.80373e-05
5.39105e-05
6.04062e-05
6.70307e-05
7.45956e-05
8.2923e-05
0.00462727
0.00831864
0.011418
0.014011
0.0161631
0.0179369
0.0193896
0.0205714
0.0215258
0.0222913
0.0229014
0.0233855
0.0237686
0.0240715
0.0243111
0.0245005
0.0246503
0.0247684
0.024861
0.0249328
0.0249876
0.0250285
0.0250577
0.0250773
0.0250885
0.0250921
0.0250885
0.0250773
0.0250577
0.0250285
0.0249876
0.0249328
0.024861
0.0247684
0.0246503
0.0245005
0.024311
0.0240714
0.0237684
0.0233853
0.0229011
0.0222909
0.0215254
0.0205708
0.0193889
0.0179359
0.0161619
0.0140096
0.0114163
0.00831651
0.00462474
7.99195e-05
7.15178e-05
6.39673e-05
5.71361e-05
5.06917e-05
4.45166e-05
3.85384e-05
3.27365e-05
2.70678e-05
2.15211e-05
1.60596e-05
1.06706e-05
5.32327e-06
0
0
0
5.0401e-06
1.01799e-05
1.52086e-05
2.05241e-05
2.56436e-05
3.12017e-05
3.6528e-05
4.23898e-05
4.80519e-05
5.42822e-05
6.04496e-05
6.72784e-05
7.50853e-05
8.97781e-05
0.00536321
0.00909919
0.0121453
0.0146761
0.0167691
0.0184867
0.0198854
0.0210158
0.0219228
0.0226454
0.0232176
0.0236687
0.0240231
0.0243014
0.0245197
0.0246911
0.0248255
0.0249309
0.0250129
0.0250763
0.0251246
0.0251605
0.0251862
0.0252033
0.0252131
0.0252163
0.0252131
0.0252033
0.0251861
0.0251604
0.0251246
0.0250763
0.0250129
0.0249308
0.0248255
0.024691
0.0245196
0.0243012
0.024023
0.0236685
0.0232174
0.0226451
0.0219223
0.0210152
0.0198846
0.0184858
0.016768
0.0146747
0.0121435
0.0090971
0.0053607
8.67118e-05
7.20138e-05
6.40858e-05
5.72876e-05
5.08753e-05
4.46936e-05
3.87091e-05
3.28796e-05
2.71946e-05
2.16173e-05
1.61362e-05
1.07185e-05
5.3488e-06
0
0
0
5.09513e-06
1.01357e-05
1.53676e-05
2.04487e-05
2.58886e-05
3.11187e-05
3.6829e-05
4.23264e-05
4.83589e-05
5.4239e-05
6.06173e-05
6.69356e-05
7.33338e-05
0.00217898
0.00618386
0.00970213
0.0126699
0.0151483
0.0171968
0.0188734
0.0202333
0.0213273
0.0222006
0.0228929
0.0234382
0.0238657
0.0241999
0.0244606
0.0246639
0.0248225
0.0249462
0.0250425
0.0251172
0.0251747
0.0252183
0.0252507
0.0252739
0.0252893
0.0252982
0.0253011
0.0252982
0.0252893
0.0252739
0.0252507
0.0252183
0.0251747
0.0251172
0.0250425
0.0249461
0.0248224
0.0246638
0.0244605
0.0241997
0.0238655
0.0234379
0.0228925
0.0222002
0.0213268
0.0202326
0.0188725
0.0171957
0.0151469
0.0126682
0.00970007
0.00618139
0.00217608
7.01929e-05
6.38031e-05
5.73113e-05
5.09699e-05
4.48112e-05
3.88161e-05
3.29817e-05
2.72753e-05
2.16875e-05
1.61848e-05
1.07538e-05
5.36494e-06
0
0
0
5.06598e-06
1.02269e-05
1.52865e-05
2.0619e-05
2.57738e-05
3.13444e-05
3.67068e-05
4.25709e-05
4.82527e-05
5.44332e-05
6.04776e-05
6.67836e-05
7.25992e-05
0.0031207
0.00672624
0.0100841
0.0129887
0.015431
0.0174515
0.0191031
0.0204397
0.0215119
0.022365
0.0230391
0.0235684
0.0239819
0.0243039
0.0245541
0.0247485
0.0248995
0.0250168
0.0251078
0.0251781
0.0252321
0.0252729
0.0253032
0.0253249
0.0253394
0.0253477
0.0253503
0.0253476
0.0253394
0.0253249
0.0253032
0.0252729
0.025232
0.0251781
0.0251077
0.0250167
0.0248994
0.0247484
0.024554
0.0243037
0.0239817
0.0235681
0.0230388
0.0223646
0.0215113
0.020439
0.0191022
0.0174504
0.0154296
0.012987
0.0100821
0.00672381
0.00311787
6.94616e-05
6.35612e-05
5.72762e-05
5.10086e-05
4.48631e-05
3.8876e-05
3.30304e-05
2.73227e-05
2.1721e-05
1.62139e-05
1.07705e-05
5.37471e-06
0
0
0
5.10384e-06
1.01574e-05
1.53939e-05
2.04921e-05
2.59329e-05
3.11827e-05
3.68892e-05
4.24037e-05
4.84188e-05
5.42846e-05
6.05548e-05
6.66077e-05
7.24109e-05
0.00339202
0.00691045
0.0102146
0.0130957
0.0155251
0.0175361
0.0191793
0.0205081
0.0215729
0.0224194
0.0230875
0.0236114
0.0240202
0.0243382
0.0245849
0.0247763
0.0249248
0.02504
0.0251292
0.0251981
0.0252509
0.0252909
0.0253205
0.0253416
0.0253558
0.0253639
0.0253665
0.0253639
0.0253558
0.0253416
0.0253205
0.0252908
0.0252509
0.0251981
0.0251292
0.0250399
0.0249248
0.0247763
0.0245848
0.024338
0.02402
0.0236111
0.0230871
0.022419
0.0215724
0.0205074
0.0191784
0.017535
0.0155238
0.013094
0.0102125
0.00690803
0.00338921
6.92504e-05
6.34512e-05
5.72415e-05
5.09978e-05
4.48679e-05
3.88782e-05
3.30393e-05
2.73254e-05
2.1728e-05
1.62156e-05
1.07743e-05
5.37526e-06
0
0
0
5.06183e-06
1.02148e-05
1.52738e-05
2.05948e-05
2.57517e-05
3.13078e-05
3.66741e-05
4.25215e-05
4.8207e-05
5.437e-05
6.0415e-05
6.67045e-05
7.25129e-05
0.00312061
0.00672614
0.010084
0.0129886
0.0154309
0.0174514
0.019103
0.0204396
0.0215118
0.022365
0.023039
0.0235683
0.0239818
0.0243038
0.0245541
0.0247484
0.0248994
0.0250167
0.0251077
0.0251781
0.025232
0.0252729
0.0253032
0.0253249
0.0253393
0.0253476
0.0253503
0.0253476
0.0253393
0.0253249
0.0253032
0.0252729
0.025232
0.025178
0.0251077
0.0250167
0.0248994
0.0247484
0.0245539
0.0243037
0.0239816
0.0235681
0.0230387
0.0223645
0.0215112
0.0204389
0.0191021
0.0174503
0.0154295
0.0129869
0.010082
0.00672372
0.00311778
6.93792e-05
6.34893e-05
5.72139e-05
5.09541e-05
4.48163e-05
3.88357e-05
3.29968e-05
2.72948e-05
2.16992e-05
1.61976e-05
1.07598e-05
5.3693e-06
0
0
0
5.08305e-06
1.0119e-05
1.53313e-05
2.04143e-05
2.58279e-05
3.10645e-05
3.67433e-05
4.22487e-05
4.82468e-05
5.41323e-05
6.0476e-05
6.679e-05
7.31573e-05
0.00217879
0.00618367
0.00970194
0.0126697
0.0151481
0.0171967
0.0188733
0.0202332
0.0213272
0.0222005
0.0228927
0.0234381
0.0238656
0.0241998
0.0244605
0.0246638
0.0248224
0.0249461
0.0250424
0.0251171
0.0251746
0.0252182
0.0252506
0.0252738
0.0252893
0.0252981
0.025301
0.0252981
0.0252893
0.0252738
0.0252506
0.0252182
0.0251746
0.0251171
0.0250424
0.0249461
0.0248223
0.0246637
0.0244604
0.0241996
0.0238654
0.0234378
0.0228924
0.0222001
0.0213266
0.0202325
0.0188724
0.0171955
0.0151467
0.012668
0.00969989
0.00618121
0.0021759
7.00285e-05
6.36603e-05
5.71864e-05
5.08618e-05
4.47172e-05
3.87363e-05
3.2914e-05
2.72202e-05
2.16435e-05
1.61525e-05
1.07321e-05
5.35426e-06
0
0
0
5.0277e-06
1.01437e-05
1.51706e-05
2.04516e-05
2.55778e-05
3.10923e-05
3.64303e-05
4.22423e-05
4.79156e-05
5.40936e-05
6.02641e-05
6.70426e-05
7.48316e-05
8.9477e-05
0.00536293
0.00909891
0.012145
0.0146759
0.0167689
0.0184864
0.0198851
0.0210156
0.0219226
0.0226452
0.0232175
0.0236685
0.024023
0.0243012
0.0245195
0.0246909
0.0248254
0.0249307
0.0250128
0.0250762
0.0251245
0.0251603
0.025186
0.0252032
0.025213
0.0252162
0.025213
0.0252032
0.025186
0.0251603
0.0251244
0.0250762
0.0250128
0.0249307
0.0248254
0.0246909
0.0245195
0.0243011
0.0240228
0.0236683
0.0232172
0.0226449
0.0219221
0.021015
0.0198844
0.0184855
0.0167677
0.0146745
0.0121433
0.00909683
0.00536043
8.64272e-05
7.17691e-05
6.38723e-05
5.71021e-05
5.07129e-05
4.45541e-05
3.85888e-05
3.27793e-05
2.71114e-05
2.15522e-05
1.60872e-05
1.06864e-05
5.33262e-06
0
0
0
5.03288e-06
1.00206e-05
1.518e-05
2.02156e-05
2.55738e-05
3.07632e-05
3.63879e-05
4.18518e-05
4.78148e-05
5.36999e-05
6.01262e-05
6.67454e-05
7.42464e-05
8.25314e-05
0.00462688
0.00831826
0.0114177
0.0140107
0.0161627
0.0179366
0.0193893
0.0205711
0.0215255
0.022291
0.0229011
0.0233853
0.0237684
0.0240713
0.0243109
0.0245004
0.0246501
0.0247682
0.0248608
0.0249326
0.0249875
0.0250283
0.0250576
0.0250771
0.0250883
0.025092
0.0250883
0.0250771
0.0250576
0.0250283
0.0249875
0.0249326
0.0248608
0.0247682
0.0246501
0.0245003
0.0243108
0.0240712
0.0237682
0.023385
0.0229009
0.0222906
0.0215251
0.0205705
0.0193886
0.0179356
0.0161615
0.0140092
0.0114159
0.00831615
0.00462437
7.95477e-05
7.11947e-05
6.36859e-05
5.68893e-05
5.04777e-05
4.43301e-05
3.838e-05
3.26019e-05
2.69584e-05
2.14336e-05
1.59953e-05
1.06274e-05
5.30203e-06
0
0
0
4.96384e-06
1.00139e-05
1.49776e-05
2.01898e-05
2.5252e-05
3.06961e-05
3.59698e-05
4.17167e-05
4.73353e-05
5.34773e-05
5.96272e-05
6.63479e-05
7.32766e-05
8.00133e-05
0.00372933
0.00731831
0.0104765
0.013145
0.01537
0.017215
0.0187372
0.0199854
0.0210015
0.0218225
0.0224817
0.0230086
0.0234288
0.0237638
0.024031
0.0242441
0.024414
0.0245488
0.0246552
0.0247381
0.0248015
0.0248489
0.0248828
0.0249054
0.0249184
0.0249226
0.0249184
0.0249054
0.0248828
0.0248489
0.0248015
0.024738
0.0246551
0.0245488
0.0244139
0.0242441
0.0240309
0.0237637
0.0234287
0.0230084
0.0224814
0.0218221
0.021001
0.0199848
0.0187365
0.017214
0.0153688
0.0131436
0.0104747
0.00731616
0.0037268
7.70938e-05
7.03227e-05
6.32536e-05
5.6537e-05
5.01562e-05
4.40308e-05
3.81179e-05
3.23711e-05
2.677e-05
2.12794e-05
1.5883e-05
1.05506e-05
5.26481e-06
0
0
0
4.95368e-06
9.86304e-06
1.49407e-05
1.98967e-05
2.51703e-05
3.02774e-05
3.58167e-05
4.11969e-05
4.70814e-05
5.2886e-05
5.92326e-05
6.5654e-05
7.25037e-05
7.88684e-05
0.00238492
0.00603331
0.00930556
0.0120689
0.0143801
0.0163104
0.0179177
0.019248
0.0203404
0.0212301
0.0219497
0.0225293
0.0229952
0.0233698
0.0236712
0.0239138
0.0241087
0.0242645
0.0243881
0.0244849
0.0245591
0.0246145
0.0246542
0.0246807
0.0246957
0.0247006
0.0246957
0.0246807
0.0246542
0.0246145
0.0245591
0.0244848
0.0243881
0.0242645
0.0241086
0.0239137
0.0236711
0.0233697
0.022995
0.022529
0.0219494
0.0212297
0.0203399
0.0192474
0.0179169
0.0163094
0.0143788
0.0120674
0.00930373
0.00603113
0.00238234
7.60335e-05
6.95581e-05
6.26944e-05
5.60723e-05
4.97396e-05
4.36636e-05
3.77913e-05
3.20958e-05
2.65372e-05
2.10975e-05
1.57442e-05
1.04605e-05
5.21878e-06
0
0
0
4.87078e-06
9.82631e-06
1.4696e-05
1.98105e-05
2.4775e-05
3.0118e-05
3.52886e-05
4.09328e-05
4.64421e-05
5.24802e-05
5.84947e-05
6.50524e-05
7.17508e-05
7.91451e-05
9.12482e-05
0.00443295
0.00789948
0.0107724
0.0131792
0.0152087
0.0169173
0.0183462
0.0195303
0.0205022
0.0212938
0.0219359
0.0224563
0.0228782
0.0232209
0.023499
0.0237242
0.0239055
0.0240501
0.0241636
0.024251
0.0243161
0.0243627
0.0243937
0.0244113
0.024417
0.0244113
0.0243937
0.0243627
0.0243161
0.0242509
0.0241636
0.02405
0.0239054
0.0237241
0.0234989
0.0232207
0.0228781
0.022456
0.0219357
0.0212935
0.0205017
0.0195298
0.0183456
0.0169164
0.0152076
0.0131779
0.0107708
0.0078976
0.0044307
8.85764e-05
7.63637e-05
6.89281e-05
6.20548e-05
5.55015e-05
4.92391e-05
4.3219e-05
3.74095e-05
3.17664e-05
2.62687e-05
2.08805e-05
1.55852e-05
1.03529e-05
5.16617e-06
0
0
0
4.84604e-06
9.64755e-06
1.46152e-05
1.94599e-05
2.46191e-05
2.96081e-05
3.50279e-05
4.02797e-05
4.60388e-05
5.16967e-05
5.79e-05
6.41391e-05
7.09323e-05
7.80284e-05
8.55682e-05
0.00267931
0.00627419
0.00924537
0.0117505
0.0138922
0.0157198
0.0172654
0.0185576
0.0196255
0.0205007
0.0212153
0.0217988
0.0222761
0.0226671
0.0229873
0.0232484
0.02346
0.0236296
0.0237632
0.023866
0.0239426
0.0239972
0.0240334
0.0240539
0.0240606
0.0240539
0.0240334
0.0239972
0.0239426
0.023866
0.0237632
0.0236296
0.02346
0.0232483
0.0229871
0.022667
0.022276
0.0217986
0.021215
0.0205003
0.019625
0.018557
0.0172647
0.0157189
0.0138911
0.0117491
0.00924375
0.00627225
0.00267701
8.29734e-05
7.53579e-05
6.81042e-05
6.12993e-05
5.48343e-05
4.86483e-05
4.27071e-05
3.69633e-05
3.13926e-05
2.59561e-05
2.06361e-05
1.54003e-05
1.02322e-05
5.10498e-06
0
0
0
4.74935e-06
9.58245e-06
1.43282e-05
1.93163e-05
2.41503e-05
2.93606e-05
3.43892e-05
3.98921e-05
4.52407e-05
5.1122e-05
5.69421e-05
6.3318e-05
6.98007e-05
7.68744e-05
8.43502e-05
9.9657e-05
0.00442503
0.00747121
0.0100709
0.0123402
0.0143069
0.0159891
0.017407
0.0185853
0.0195554
0.0203521
0.0210075
0.0215484
0.0219954
0.0223643
0.0226675
0.0229146
0.0231135
0.0232705
0.0233912
0.023481
0.0235447
0.0235868
0.0236106
0.0236183
0.0236106
0.0235868
0.0235447
0.023481
0.0233912
0.0232704
0.0231134
0.0229145
0.0226674
0.0223642
0.0219952
0.0215482
0.0210073
0.0203518
0.019555
0.0185848
0.0174063
0.0159883
0.0143059
0.012339
0.0100695
0.00746954
0.00442304
9.72674e-05
8.18514e-05
7.42277e-05
6.71202e-05
6.04295e-05
5.40642e-05
4.79779e-05
4.21199e-05
3.64631e-05
3.09657e-05
2.56087e-05
2.03574e-05
1.51956e-05
1.00946e-05
5.03739e-06
0
0
0
4.71091e-06
9.3762e-06
1.4206e-05
1.89089e-05
2.39242e-05
2.87607e-05
3.40269e-05
3.91079e-05
4.4698e-05
5.01544e-05
5.61604e-05
6.21488e-05
6.87004e-05
7.54258e-05
8.27106e-05
9.02704e-05
0.00256595
0.00542484
0.00810931
0.0105277
0.0126582
0.0144998
0.0160624
0.0173657
0.0184414
0.0193293
0.0200652
0.0206779
0.0211888
0.0216139
0.0219656
0.0222536
0.0224864
0.0226705
0.0228118
0.0229165
0.0229903
0.0230388
0.0230661
0.0230749
0.0230661
0.0230388
0.0229903
0.0229164
0.0228118
0.0226704
0.0224863
0.0222536
0.0219654
0.0216138
0.0211886
0.0206777
0.0200649
0.019329
0.0184409
0.0173652
0.0160618
0.014499
0.0126571
0.0105265
0.00810784
0.0054231
0.00256392
8.79655e-05
8.02583e-05
7.29145e-05
6.5994e-05
5.94412e-05
5.32024e-05
4.72217e-05
4.1469e-05
3.59007e-05
3.04961e-05
2.52187e-05
2.00523e-05
1.4966e-05
9.94433e-06
4.96153e-06
0
0
0
4.60081e-06
9.28456e-06
1.38779e-05
1.87118e-05
2.3384e-05
2.84309e-05
3.32811e-05
3.86056e-05
4.37483e-05
4.94256e-05
5.49938e-05
6.11199e-05
6.72697e-05
7.39739e-05
8.08672e-05
8.82168e-05
9.76611e-05
0.00299118
0.00582164
0.00842727
0.0107521
0.0127793
0.0145075
0.0159503
0.0171405
0.0181279
0.0189523
0.0196454
0.0202287
0.0207179
0.0211248
0.0214598
0.0217315
0.0219465
0.0221111
0.0222322
0.022317
0.0223722
0.0224032
0.0224131
0.0224032
0.0223722
0.022317
0.0222322
0.0221111
0.0219465
0.0217314
0.0214597
0.0211247
0.0207177
0.0202285
0.0196452
0.018952
0.0181275
0.0171401
0.0159497
0.0145068
0.0127784
0.0107511
0.00842599
0.0058201
0.00298937
9.55618e-05
8.59689e-05
7.85366e-05
7.14564e-05
6.47354e-05
5.83484e-05
5.22446e-05
4.63923e-05
4.07471e-05
3.52877e-05
2.99759e-05
2.47957e-05
1.97144e-05
1.47176e-05
9.77787e-06
4.87961e-06
0
0
0
4.54961e-06
9.05187e-06
1.37172e-05
1.82499e-05
2.30929e-05
2.77447e-05
3.2825e-05
3.76974e-05
4.30789e-05
4.82871e-05
5.40453e-05
5.9719e-05
6.59474e-05
7.22256e-05
7.90171e-05
8.59727e-05
9.32867e-05
0.000109807
0.0031704
0.0060122
0.00856732
0.0108095
0.0127265
0.0143226
0.0156332
0.0167268
0.0176473
0.0184298
0.0190944
0.0196561
0.0201257
0.0205139
0.0208299
0.02108
0.0212705
0.0214094
0.0215057
0.0215678
0.0216023
0.0216134
0.0216023
0.0215678
0.0215057
0.0214094
0.0212705
0.02108
0.0208298
0.0205137
0.0201256
0.0196559
0.0190942
0.0184295
0.0176469
0.0167263
0.0156327
0.0143219
0.0127257
0.0108086
0.00856619
0.00601085
0.00316879
0.000107915
9.12469e-05
8.38315e-05
7.66944e-05
6.98694e-05
6.33646e-05
5.71513e-05
5.12051e-05
4.5484e-05
3.99672e-05
3.46165e-05
2.94162e-05
2.43324e-05
1.93518e-05
1.44455e-05
9.5996e-06
4.78984e-06
0
0
0
4.42675e-06
8.93569e-06
1.33501e-05
1.80032e-05
2.2485e-05
2.73394e-05
3.19787e-05
3.70912e-05
4.19896e-05
4.7422e-05
5.26913e-05
5.85153e-05
6.42735e-05
7.05667e-05
7.69137e-05
8.37243e-05
9.07283e-05
9.83993e-05
0.000128945
0.00325915
0.00608297
0.00857355
0.0107052
0.0124676
0.0138978
0.0151029
0.016126
0.0170078
0.0177634
0.0184071
0.0189469
0.0193947
0.0197611
0.0200509
0.0202698
0.0204275
0.0205353
0.020604
0.0206419
0.0206539
0.0206418
0.020604
0.0205352
0.0204274
0.0202698
0.0200508
0.019761
0.0193946
0.0189468
0.0184069
0.0177632
0.0170074
0.0161256
0.0151024
0.0138973
0.0124669
0.0107044
0.00857256
0.00608178
0.00325772
0.000127253
9.65625e-05
8.87803e-05
8.15992e-05
7.47402e-05
6.81748e-05
6.18871e-05
5.58668e-05
5.00806e-05
4.45113e-05
3.91225e-05
3.38998e-05
2.88093e-05
2.38389e-05
1.89585e-05
1.41562e-05
9.4061e-06
4.69447e-06
0
0
0
4.36382e-06
8.67817e-06
1.31541e-05
1.74903e-05
2.21345e-05
2.65731e-05
3.14382e-05
3.60694e-05
4.12084e-05
4.61308e-05
5.1601e-05
5.6917e-05
6.27792e-05
6.85834e-05
7.48874e-05
8.12404e-05
8.80344e-05
9.50823e-05
0.000102384
0.000148422
0.00327915
0.00605574
0.00843314
0.010374
0.011909
0.0132312
0.0143616
0.0153543
0.0162114
0.0169477
0.0175656
0.0180794
0.0185031
0.0188376
0.0190872
0.0192638
0.0193825
0.0194571
0.0194977
0.0195106
0.0194977
0.0194571
0.0193825
0.0192638
0.0190871
0.0188375
0.0185029
0.0180792
0.0175655
0.0169475
0.0162112
0.015354
0.0143612
0.0132307
0.0119084
0.0103733
0.00843226
0.00605469
0.00327789
0.00014692
0.000100741
9.33256e-05
8.61051e-05
7.92519e-05
7.26875e-05
6.63787e-05
6.03218e-05
5.44944e-05
4.88872e-05
4.34685e-05
3.82269e-05
3.313e-05
2.81671e-05
2.33082e-05
1.8543e-05
1.38447e-05
9.20184e-06
4.59176e-06
0
0
0
4.22912e-06
8.53955e-06
1.27509e-05
1.71987e-05
2.14644e-05
2.60999e-05
3.05005e-05
3.53716e-05
3.99946e-05
4.51491e-05
5.00857e-05
5.5572e-05
6.09079e-05
6.67677e-05
7.25644e-05
7.8817e-05
8.51042e-05
9.17627e-05
9.84043e-05
0.000104937
0.000135283
0.00324215
0.00590561
0.00803908
0.00963302
0.0110856
0.012323
0.0134432
0.0144124
0.0152543
0.0159576
0.0165428
0.0170325
0.0174176
0.0176995
0.0178943
0.0180222
0.0181011
0.0181436
0.0181569
0.0181436
0.0181011
0.0180222
0.0178942
0.0176994
0.0174175
0.0170324
0.0165427
0.0159574
0.015254
0.0144121
0.0134429
0.0123226
0.0110851
0.00963238
0.0080383
0.00590469
0.00324104
0.000133954
0.000103476
9.68316e-05
9.00229e-05
8.32994e-05
7.68075e-05
7.05413e-05
6.45002e-05
5.86704e-05
5.3052e-05
4.7621e-05
4.23713e-05
3.72737e-05
3.23205e-05
2.74822e-05
2.27508e-05
1.80991e-05
1.35179e-05
8.98349e-06
4.48403e-06
0
0
0
4.15549e-06
8.25936e-06
1.25229e-05
1.66393e-05
2.10605e-05
2.52614e-05
2.98851e-05
3.4249e-05
3.91172e-05
4.3726e-05
4.88785e-05
5.38105e-05
5.92814e-05
6.45976e-05
7.04017e-05
7.61241e-05
8.224e-05
8.8315e-05
9.45424e-05
0.000100499
0.000106109
0.000119852
0.00312695
0.00548067
0.00701448
0.00864346
0.00997195
0.011249
0.0123377
0.0133036
0.0140976
0.0147573
0.0153254
0.0157681
0.0160827
0.0162929
0.016427
0.0165079
0.0165509
0.0165642
0.0165508
0.0165079
0.016427
0.0162928
0.0160826
0.015768
0.0153252
0.0147571
0.0140973
0.0133033
0.0123374
0.0112486
0.00997146
0.00864288
0.00701378
0.00547985
0.00312597
0.000118681
0.000104814
9.90989e-05
9.29827e-05
8.66889e-05
8.04165e-05
7.42805e-05
6.83219e-05
6.25422e-05
5.69521e-05
5.15372e-05
4.6299e-05
4.12136e-05
3.62776e-05
3.14637e-05
2.67666e-05
2.21596e-05
1.76357e-05
1.31708e-05
8.75564e-06
4.36956e-06
0
0
0
4.01013e-06
8.10039e-06
1.20872e-05
1.63072e-05
2.03349e-05
2.47279e-05
2.88669e-05
3.34716e-05
3.7796e-05
4.26469e-05
4.72287e-05
5.23543e-05
5.72533e-05
6.26669e-05
6.79116e-05
7.35932e-05
7.91511e-05
8.49965e-05
9.06506e-05
9.62565e-05
0.000101422
0.000106109
0.000112193
0.00276848
0.00393889
0.00590316
0.00725305
0.00875278
0.00995391
0.0110755
0.0119597
0.01269
0.0133579
0.0138673
0.0142122
0.0144322
0.0145676
0.0146472
0.0146887
0.0147016
0.0146887
0.0146472
0.0145676
0.0144321
0.0142121
0.0138671
0.0133577
0.0126898
0.0119595
0.0110752
0.00995355
0.00875234
0.00725252
0.00590253
0.00393815
0.00276761
0.000111167
0.000104966
0.000100183
9.48654e-05
8.9195e-05
8.33515e-05
7.74824e-05
7.16969e-05
6.60346e-05
6.05248e-05
5.51657e-05
4.99684e-05
4.49162e-05
4.00117e-05
3.52313e-05
3.05736e-05
2.60129e-05
2.15454e-05
1.71468e-05
1.28104e-05
8.51497e-06
4.2507e-06
0
0
0
3.92682e-06
7.80005e-06
1.18303e-05
1.57068e-05
1.98833e-05
2.38263e-05
2.8186e-05
3.22625e-05
3.68369e-05
4.11135e-05
4.59274e-05
5.0462e-05
5.55279e-05
6.03556e-05
6.56602e-05
7.07689e-05
7.62435e-05
8.15207e-05
8.69479e-05
9.20503e-05
9.6977e-05
0.000101405
0.000105451
0.000108943
0.000128029
0.00294301
0.00406217
0.00596024
0.00721263
0.00856055
0.00951837
0.010298
0.0111096
0.0116956
0.0120629
0.0122829
0.0124124
0.0124863
0.0125242
0.0125359
0.0125242
0.0124863
0.0124123
0.0122828
0.0120628
0.0116955
0.0111094
0.0102977
0.00951809
0.00856022
0.00721223
0.00595977
0.0040616
0.00294234
0.000127224
0.000108047
0.000104444
0.000100313
9.57415e-05
9.07547e-05
8.54721e-05
8.00201e-05
7.45246e-05
6.90653e-05
6.37008e-05
5.84482e-05
5.33306e-05
4.83412e-05
4.34899e-05
3.87585e-05
3.41503e-05
2.96422e-05
2.52337e-05
2.09012e-05
1.66412e-05
1.24318e-05
8.26613e-06
4.12575e-06
0
0
0
3.77211e-06
7.62274e-06
1.13663e-05
1.53384e-05
1.91096e-05
2.32396e-05
2.70991e-05
3.14168e-05
3.5426e-05
3.99543e-05
4.41691e-05
4.89201e-05
5.33798e-05
5.83459e-05
6.30551e-05
6.81896e-05
7.30863e-05
7.82591e-05
8.31471e-05
8.80694e-05
9.25921e-05
9.69106e-05
0.000100823
0.0001046
0.000109051
0.00011183
0.000143423
0.00296024
0.00401839
0.0057791
0.00674854
0.00751424
0.0085707
0.00923932
0.0096097
0.00981361
0.00992752
0.00999054
0.0100223
0.010032
0.0100223
0.0099905
0.00992745
0.00981351
0.00960957
0.00923916
0.0085705
0.007514
0.00674824
0.00577874
0.00401796
0.00295973
0.000142804
0.000111129
0.00010827
0.000103715
9.98649e-05
9.58174e-05
9.1445e-05
8.67518e-05
8.18057e-05
7.67095e-05
7.15494e-05
6.64072e-05
6.13216e-05
5.63321e-05
5.14432e-05
4.66742e-05
4.20137e-05
3.74708e-05
3.30263e-05
2.86837e-05
2.44211e-05
2.0238e-05
1.61129e-05
1.20419e-05
8.00581e-06
3.99707e-06
0
0
0
3.68007e-06
7.30508e-06
1.10834e-05
1.4703e-05
1.86159e-05
2.22846e-05
2.63615e-05
3.01357e-05
3.43986e-05
3.83317e-05
4.2793e-05
4.69266e-05
5.1583e-05
5.59334e-05
6.07532e-05
6.52898e-05
7.01875e-05
7.47951e-05
7.95871e-05
8.40272e-05
8.84362e-05
9.24452e-05
9.63225e-05
9.99718e-05
0.000103811
0.000106913
0.000110481
0.00011177
0.000122776
0.00283914
0.00362525
0.00421293
0.00576467
0.0064928
0.00682525
0.00698962
0.00707635
0.00712295
0.00714608
0.00715308
0.00714605
0.00712289
0.00707627
0.00698951
0.00682511
0.00649262
0.00576445
0.00421266
0.00362492
0.00283876
0.000122307
0.000111237
0.000109872
0.000106237
0.000103035
9.91349e-05
9.53584e-05
9.14347e-05
8.72652e-05
8.28349e-05
7.81975e-05
7.34169e-05
6.85748e-05
6.37232e-05
5.89167e-05
5.41733e-05
4.95225e-05
4.49611e-05
4.05052e-05
3.61405e-05
3.18751e-05
2.76898e-05
2.35878e-05
1.95484e-05
1.55708e-05
1.16358e-05
7.73869e-06
3.86297e-06
0
0
0
3.51745e-06
7.11127e-06
1.05955e-05
1.43023e-05
1.7802e-05
2.16513e-05
2.52178e-05
2.92318e-05
3.29155e-05
3.7107e-05
4.09504e-05
4.53197e-05
4.9347e-05
5.38726e-05
5.80741e-05
6.26973e-05
6.70053e-05
7.16041e-05
7.58641e-05
8.02362e-05
8.42282e-05
8.8179e-05
9.17879e-05
9.53621e-05
9.87738e-05
0.000101871
0.000104826
0.000106872
0.000109627
0.000109584
0.000112595
0.000120743
0.00281126
0.00345683
0.00367582
0.0037714
0.00381938
0.00384464
0.00385708
0.00386083
0.00385705
0.00384458
0.00381929
0.00377128
0.00367567
0.00345664
0.00281102
0.000120447
0.00011225
0.000109182
0.00010917
0.000106344
0.000104242
0.000101194
9.8046e-05
9.45148e-05
9.0902e-05
8.71425e-05
8.3174e-05
7.89963e-05
7.46352e-05
7.01527e-05
6.55976e-05
6.10313e-05
5.64825e-05
5.19909e-05
4.75624e-05
4.32203e-05
3.89563e-05
3.47842e-05
3.06879e-05
2.66747e-05
2.27257e-05
1.88435e-05
1.50089e-05
1.12206e-05
7.46142e-06
3.72581e-06
0
0
0
3.41752e-06
6.77924e-06
1.02894e-05
1.3638e-05
1.72709e-05
2.06527e-05
2.4431e-05
2.78931e-05
3.18308e-05
3.54152e-05
3.95151e-05
4.32511e-05
4.74994e-05
5.13914e-05
5.57468e-05
5.97577e-05
6.41355e-05
6.81661e-05
7.24216e-05
7.63072e-05
8.0263e-05
8.38479e-05
8.74151e-05
9.06945e-05
9.39362e-05
9.68157e-05
9.9536e-05
0.000101697
0.00010389
0.000104977
0.000107197
0.000109412
0.000108148
0.00010951
0.000111246
0.000112838
0.000114143
0.000115097
0.000115674
0.000115857
0.000115643
0.000115034
0.000114047
0.000112709
0.000111079
0.000109306
0.000107901
0.000109123
0.000106854
0.000104589
0.000103434
0.000101196
9.89476e-05
9.61858e-05
9.31947e-05
8.99217e-05
8.65016e-05
8.29208e-05
7.91619e-05
7.52176e-05
7.11222e-05
6.69082e-05
6.26322e-05
5.83262e-05
5.4037e-05
4.97784e-05
4.55812e-05
4.14434e-05
3.73846e-05
3.33929e-05
2.94801e-05
2.56296e-05
2.18475e-05
1.81158e-05
1.44361e-05
1.07912e-05
7.17867e-06
3.58387e-06
0
0
0
3.24849e-06
6.57053e-06
9.78224e-06
1.32084e-05
1.64247e-05
1.99785e-05
2.32425e-05
2.69392e-05
3.02917e-05
3.41368e-05
3.76098e-05
4.15948e-05
4.52022e-05
4.92981e-05
5.30235e-05
5.71696e-05
6.09509e-05
6.50426e-05
6.87629e-05
7.2656e-05
7.61713e-05
7.97403e-05
8.29657e-05
8.61864e-05
8.91111e-05
9.1908e-05
9.43745e-05
9.65639e-05
9.85052e-05
9.99995e-05
0.000101782
0.000103355
0.000103471
0.000104546
0.000105931
0.000107274
0.000108396
0.000109234
0.000109739
0.000109902
0.000109709
0.000109171
0.000108302
0.000107145
0.000105769
0.000104343
0.000103233
0.000103066
0.000101455
9.96089e-05
9.80776e-05
9.60549e-05
9.38321e-05
9.12619e-05
8.84404e-05
8.53848e-05
8.21546e-05
7.87672e-05
7.52105e-05
7.14988e-05
6.76452e-05
6.36933e-05
5.96703e-05
5.5624e-05
5.15728e-05
4.75537e-05
4.35705e-05
3.96485e-05
3.57806e-05
3.19831e-05
2.82424e-05
2.45685e-05
2.09448e-05
1.73762e-05
1.3846e-05
1.03546e-05
6.88706e-06
3.4395e-06
0
0
0
3.14141e-06
6.22715e-06
9.45515e-06
1.25213e-05
1.58603e-05
1.8946e-05
2.24127e-05
2.55566e-05
2.91586e-05
3.23937e-05
3.61271e-05
3.94735e-05
4.33181e-05
4.67736e-05
5.06852e-05
5.42133e-05
5.8115e-05
6.16357e-05
6.5415e-05
6.88116e-05
7.23455e-05
7.55112e-05
7.87244e-05
8.16118e-05
8.4473e-05
8.70031e-05
8.94029e-05
9.14468e-05
9.3335e-05
9.48787e-05
9.6476e-05
9.77867e-05
9.84771e-05
9.94611e-05
0.000100644
0.000101779
0.000102757
0.000103482
0.000103932
0.000104069
0.000103901
0.000103422
0.000102663
0.000101655
0.000100481
9.92677e-05
9.82359e-05
9.75145e-05
9.61441e-05
9.45167e-05
9.28975e-05
9.09825e-05
8.88428e-05
8.64239e-05
8.37731e-05
8.0906e-05
7.78685e-05
7.46686e-05
7.13202e-05
6.78242e-05
6.42105e-05
6.04966e-05
5.67254e-05
5.29156e-05
4.91068e-05
4.53077e-05
4.15481e-05
3.78257e-05
3.41614e-05
3.05448e-05
2.699e-05
2.34822e-05
2.00299e-05
1.66172e-05
1.32475e-05
9.9058e-06
6.59118e-06
3.29098e-06
0
0
0
2.96744e-06
6.00489e-06
8.93316e-06
1.20657e-05
1.49896e-05
1.82354e-05
2.11906e-05
2.45595e-05
2.75788e-05
3.10705e-05
3.41779e-05
3.77787e-05
4.09816e-05
4.46592e-05
4.79392e-05
5.16365e-05
5.49409e-05
5.8571e-05
6.18117e-05
6.52677e-05
6.83435e-05
7.15325e-05
7.43696e-05
7.72416e-05
7.97889e-05
8.22805e-05
8.44457e-05
8.64763e-05
8.82136e-05
8.97994e-05
9.12243e-05
9.24744e-05
9.33514e-05
9.43311e-05
9.5356e-05
9.63559e-05
9.71951e-05
9.78401e-05
9.82253e-05
9.83527e-05
9.81963e-05
9.7779e-05
9.71066e-05
9.62303e-05
9.52036e-05
9.4134e-05
9.31279e-05
9.21958e-05
9.09207e-05
8.94263e-05
8.7819e-05
8.59938e-05
8.39487e-05
8.16726e-05
7.91782e-05
7.64929e-05
7.36349e-05
7.0629e-05
6.74761e-05
6.41985e-05
6.08043e-05
5.73285e-05
5.37862e-05
5.02161e-05
4.66289e-05
4.30576e-05
3.95038e-05
3.59923e-05
3.25165e-05
2.90941e-05
2.57128e-05
2.23845e-05
1.90944e-05
1.58493e-05
1.26343e-05
9.45146e-06
6.28767e-06
3.14059e-06
0
0
0
2.85379e-06
5.6531e-06
8.58692e-06
1.13619e-05
1.43951e-05
1.71783e-05
2.03226e-05
2.31455e-05
2.64038e-05
2.92921e-05
3.2656e-05
3.56237e-05
3.90698e-05
4.21112e-05
4.55966e-05
4.86793e-05
5.2137e-05
5.51977e-05
5.85395e-05
6.14931e-05
6.46271e-05
6.73928e-05
7.02518e-05
7.27726e-05
7.53077e-05
7.75194e-05
7.96659e-05
8.15025e-05
8.3235e-05
8.47046e-05
8.6095e-05
8.72455e-05
8.82305e-05
8.91536e-05
9.0105e-05
9.0968e-05
9.17217e-05
9.22741e-05
9.26246e-05
9.27254e-05
9.25949e-05
9.22178e-05
9.16309e-05
9.08526e-05
8.99484e-05
8.89739e-05
8.8e-05
8.69939e-05
8.57799e-05
8.43721e-05
8.28224e-05
8.10789e-05
7.91413e-05
7.69941e-05
7.46564e-05
7.21357e-05
6.94601e-05
6.66354e-05
6.36834e-05
6.06073e-05
5.74351e-05
5.41763e-05
5.0866e-05
4.75143e-05
4.41551e-05
4.07924e-05
3.74544e-05
3.41374e-05
3.08625e-05
2.76203e-05
2.44258e-05
2.12658e-05
1.81503e-05
1.5065e-05
1.20149e-05
8.98672e-06
5.98096e-06
2.98664e-06
0
0
0
2.67634e-06
5.41836e-06
8.0545e-06
1.08824e-05
1.35072e-05
1.64346e-05
1.90774e-05
2.21099e-05
2.47969e-05
2.79303e-05
3.06793e-05
3.38971e-05
3.67117e-05
3.99816e-05
4.28442e-05
4.61146e-05
4.8982e-05
5.21816e-05
5.49871e-05
5.80336e-05
6.0702e-05
6.35217e-05
6.59894e-05
6.85293e-05
7.07426e-05
7.29518e-05
7.48518e-05
7.66879e-05
7.82478e-05
7.97239e-05
8.098e-05
8.21346e-05
8.30835e-05
8.40081e-05
8.48519e-05
8.56484e-05
8.62957e-05
8.68008e-05
8.7095e-05
8.71957e-05
8.70681e-05
8.67426e-05
8.62138e-05
8.55289e-05
8.47113e-05
8.38214e-05
8.28783e-05
8.18719e-05
8.07027e-05
7.93741e-05
7.78896e-05
7.62383e-05
7.44031e-05
7.23889e-05
7.01941e-05
6.78399e-05
6.53321e-05
6.2694e-05
5.99279e-05
5.70581e-05
5.4089e-05
5.10512e-05
4.79522e-05
4.48247e-05
4.16736e-05
3.85286e-05
3.53886e-05
3.22774e-05
2.91882e-05
2.61389e-05
2.31185e-05
2.01395e-05
1.71889e-05
1.42744e-05
1.1383e-05
8.51795e-06
5.66775e-06
2.83132e-06
0
0
0
2.5566e-06
5.06099e-06
7.69053e-06
1.01676e-05
1.28851e-05
1.53615e-05
1.81748e-05
2.06761e-05
2.35846e-05
2.61308e-05
2.91236e-05
3.17241e-05
3.47772e-05
3.74255e-05
4.0499e-05
4.31677e-05
4.62048e-05
4.88444e-05
5.17747e-05
5.43212e-05
5.70732e-05
5.94633e-05
6.19785e-05
6.41591e-05
6.63909e-05
6.83113e-05
7.02174e-05
7.18377e-05
7.34042e-05
7.47258e-05
7.59821e-05
7.70295e-05
7.80027e-05
7.88443e-05
7.96567e-05
8.03481e-05
8.09497e-05
8.13781e-05
8.16555e-05
8.17292e-05
8.16275e-05
8.13264e-05
8.08643e-05
8.02425e-05
7.95097e-05
7.86805e-05
7.77872e-05
7.68013e-05
7.56888e-05
7.44257e-05
7.30222e-05
7.14574e-05
6.97345e-05
6.7842e-05
6.57946e-05
6.35924e-05
6.12572e-05
5.87912e-05
5.6217e-05
5.35365e-05
5.07758e-05
4.79396e-05
4.50577e-05
4.21346e-05
3.91998e-05
3.62539e-05
3.33224e-05
3.04007e-05
2.75093e-05
2.4639e-05
2.18051e-05
1.89959e-05
1.62217e-05
1.34701e-05
1.07468e-05
8.04039e-06
5.35224e-06
2.67297e-06
0
0
0
2.37702e-06
4.81456e-06
7.1518e-06
9.66587e-06
1.19869e-05
1.45874e-05
1.69162e-05
1.96054e-05
2.19626e-05
2.47341e-05
2.71333e-05
2.99696e-05
3.24118e-05
3.52825e-05
3.77524e-05
4.06124e-05
4.30754e-05
4.58661e-05
4.82712e-05
5.09279e-05
5.32175e-05
5.56804e-05
5.78015e-05
6.00229e-05
6.19289e-05
6.38686e-05
6.55182e-05
6.71502e-05
6.85252e-05
6.98556e-05
7.09701e-05
7.20262e-05
7.29057e-05
7.37452e-05
7.44597e-05
7.51188e-05
7.56327e-05
7.60373e-05
7.62646e-05
7.63457e-05
7.62402e-05
7.59831e-05
7.55586e-05
7.50078e-05
7.43327e-05
7.35723e-05
7.27211e-05
7.17838e-05
7.07217e-05
6.95343e-05
6.82058e-05
6.67393e-05
6.51199e-05
6.33567e-05
6.14438e-05
5.9399e-05
5.72221e-05
5.49344e-05
5.25364e-05
5.00515e-05
4.74815e-05
4.48532e-05
4.21694e-05
3.94583e-05
3.67211e-05
3.39839e-05
3.12439e-05
2.8523e-05
2.58143e-05
2.31351e-05
2.04752e-05
1.78475e-05
1.52402e-05
1.26615e-05
1.01002e-05
7.56005e-06
5.03126e-06
2.51366e-06
0
0
0
2.25152e-06
4.45426e-06
6.77113e-06
8.94527e-06
1.13389e-05
1.35061e-05
1.59813e-05
1.8162e-05
2.07159e-05
2.29256e-05
2.55463e-05
2.77917e-05
3.04561e-05
3.27306e-05
3.54032e-05
3.76845e-05
4.03176e-05
4.25672e-05
4.51044e-05
4.72734e-05
4.96578e-05
5.16962e-05
5.38787e-05
5.57415e-05
5.76823e-05
5.93299e-05
6.09989e-05
6.24039e-05
6.37916e-05
6.49515e-05
6.60739e-05
6.70052e-05
6.78922e-05
6.86327e-05
6.93325e-05
6.98993e-05
7.03911e-05
7.0729e-05
7.09523e-05
7.10061e-05
7.09266e-05
7.06827e-05
7.03127e-05
6.98049e-05
6.91978e-05
6.84867e-05
6.76954e-05
6.68026e-05
6.58071e-05
6.46861e-05
6.34455e-05
6.20689e-05
6.05633e-05
5.89181e-05
5.71468e-05
5.52457e-05
5.32336e-05
5.11095e-05
4.88947e-05
4.65891e-05
4.42165e-05
4.17781e-05
3.92999e-05
3.67826e-05
3.4252e-05
3.17061e-05
2.9168e-05
2.66323e-05
2.41179e-05
2.16163e-05
1.91421e-05
1.6685e-05
1.42551e-05
1.18416e-05
9.45072e-06
7.07237e-06
4.70872e-06
2.35182e-06
0
0
0
2.0711e-06
4.19672e-06
6.22989e-06
8.42246e-06
1.04367e-05
1.27032e-05
1.47177e-05
1.70582e-05
1.90894e-05
2.14963e-05
2.35542e-05
2.60105e-05
2.80952e-05
3.05734e-05
3.26721e-05
3.51337e-05
3.72189e-05
3.96163e-05
4.1649e-05
4.39305e-05
4.58662e-05
4.79835e-05
4.97792e-05
5.1692e-05
5.33099e-05
5.49866e-05
5.6396e-05
5.78185e-05
5.90055e-05
6.01763e-05
6.11468e-05
6.20852e-05
6.28588e-05
6.35971e-05
6.42002e-05
6.47519e-05
6.51659e-05
6.54947e-05
6.56721e-05
6.57386e-05
6.56505e-05
6.54456e-05
6.51003e-05
6.46515e-05
6.40882e-05
6.34409e-05
6.26964e-05
6.1867e-05
6.09292e-05
5.98882e-05
5.87266e-05
5.74515e-05
5.60495e-05
5.45313e-05
5.28892e-05
5.11391e-05
4.92779e-05
4.73246e-05
4.52777e-05
4.31586e-05
4.09669e-05
3.8726e-05
3.64359e-05
3.41209e-05
3.17796e-05
2.94349e-05
2.70828e-05
2.47431e-05
2.24089e-05
2.00961e-05
1.77958e-05
1.55199e-05
1.32583e-05
1.10192e-05
8.79262e-06
6.5829e-06
4.38164e-06
2.18934e-06
0
0
0
1.94008e-06
3.83591e-06
5.83321e-06
7.70089e-06
9.76384e-06
1.16207e-05
1.3752e-05
1.56142e-05
1.78097e-05
1.96892e-05
2.19371e-05
2.38386e-05
2.61177e-05
2.80355e-05
3.03154e-05
3.22316e-05
3.44727e-05
3.63576e-05
3.85149e-05
4.0331e-05
4.23591e-05
4.40672e-05
4.59258e-05
4.74897e-05
4.91464e-05
5.05351e-05
5.19674e-05
5.31607e-05
5.43612e-05
5.53548e-05
5.6333e-05
5.71368e-05
5.79131e-05
5.85457e-05
5.91415e-05
5.96069e-05
6.00115e-05
6.028e-05
6.04612e-05
6.05006e-05
6.04382e-05
6.02397e-05
5.99415e-05
5.95246e-05
5.90215e-05
5.84188e-05
5.77381e-05
5.69611e-05
5.60966e-05
5.51255e-05
5.40557e-05
5.28722e-05
5.15843e-05
5.01816e-05
4.86771e-05
4.70651e-05
4.53623e-05
4.35656e-05
4.16942e-05
3.97463e-05
3.7743e-05
3.56833e-05
3.35895e-05
3.14601e-05
2.93174e-05
2.7158e-05
2.50021e-05
2.28439e-05
2.07006e-05
1.85642e-05
1.64482e-05
1.43434e-05
1.22596e-05
1.01874e-05
8.13282e-06
6.08739e-06
4.05359e-06
2.02477e-06
0
0
0
1.75995e-06
3.56764e-06
5.29288e-06
7.15773e-06
8.86332e-06
1.079e-05
1.24911e-05
1.44784e-05
1.61877e-05
1.82278e-05
1.9953e-05
2.20303e-05
2.37709e-05
2.58616e-05
2.76072e-05
2.96793e-05
3.14086e-05
3.34237e-05
3.5107e-05
3.7024e-05
3.86271e-05
4.04074e-05
4.18964e-05
4.35073e-05
4.48522e-05
4.62691e-05
4.74468e-05
4.86559e-05
4.9655e-05
5.0657e-05
5.14793e-05
5.22865e-05
5.29429e-05
5.3573e-05
5.40735e-05
5.45317e-05
5.48646e-05
5.5132e-05
5.52706e-05
5.53252e-05
5.5252e-05
5.50889e-05
5.48083e-05
5.44435e-05
5.39775e-05
5.34363e-05
5.28041e-05
5.2096e-05
5.12937e-05
5.04062e-05
4.94178e-05
4.83375e-05
4.71529e-05
4.58752e-05
4.44963e-05
4.30305e-05
4.1473e-05
3.98407e-05
3.81306e-05
3.63616e-05
3.45316e-05
3.2661e-05
3.07478e-05
2.88128e-05
2.68531e-05
2.48885e-05
2.29142e-05
2.09477e-05
1.89824e-05
1.70325e-05
1.509e-05
1.31659e-05
1.12515e-05
9.35428e-06
7.46599e-06
5.59084e-06
3.72181e-06
1.85982e-06
0
0
0
1.62357e-06
3.20848e-06
4.88066e-06
6.43945e-06
8.16631e-06
9.71253e-06
1.14953e-05
1.30415e-05
1.48756e-05
1.6431e-05
1.83054e-05
1.98733e-05
2.17698e-05
2.33454e-05
2.52386e-05
2.6808e-05
2.86659e-05
3.02067e-05
3.19935e-05
3.34771e-05
3.51572e-05
3.65534e-05
3.80947e-05
3.93751e-05
4.0752e-05
4.18928e-05
4.3088e-05
4.40737e-05
4.50813e-05
4.59071e-05
4.67322e-05
4.74028e-05
4.80578e-05
4.85817e-05
4.90769e-05
4.94532e-05
4.97825e-05
4.99945e-05
5.01406e-05
5.01692e-05
5.01208e-05
4.99604e-05
4.97222e-05
4.93839e-05
4.89736e-05
4.84748e-05
4.79076e-05
4.72553e-05
4.65297e-05
4.5715e-05
4.48203e-05
4.38327e-05
4.27618e-05
4.15981e-05
4.03535e-05
3.90217e-05
3.76174e-05
3.61364e-05
3.45953e-05
3.29913e-05
3.13424e-05
2.96463e-05
2.79219e-05
2.61664e-05
2.43987e-05
2.26147e-05
2.08316e-05
1.90439e-05
1.72662e-05
1.54916e-05
1.3732e-05
1.19794e-05
1.02426e-05
8.51367e-06
6.7983e-06
5.08939e-06
3.38949e-06
1.69317e-06
0
0
0
1.44477e-06
2.92974e-06
4.34426e-06
5.87639e-06
7.27227e-06
8.85455e-06
1.02435e-05
1.18741e-05
1.32657e-05
1.49373e-05
1.63374e-05
1.80366e-05
1.94445e-05
2.11514e-05
2.2559e-05
2.42479e-05
2.56393e-05
2.72797e-05
2.86325e-05
3.01926e-05
3.14808e-05
3.29305e-05
3.41283e-05
3.54419e-05
3.65261e-05
3.76846e-05
3.86377e-05
3.96307e-05
4.04434e-05
4.12702e-05
4.19421e-05
4.26099e-05
4.3146e-05
4.36645e-05
4.40678e-05
4.44389e-05
4.47018e-05
4.49155e-05
4.50224e-05
4.50667e-05
4.50071e-05
4.48792e-05
4.46552e-05
4.43647e-05
4.39885e-05
4.35494e-05
4.30315e-05
4.245e-05
4.17893e-05
4.10601e-05
4.02487e-05
3.93646e-05
3.8397e-05
3.73564e-05
3.62351e-05
3.50455e-05
3.37825e-05
3.24604e-05
3.10757e-05
2.96442e-05
2.8163e-05
2.66491e-05
2.50998e-05
2.35322e-05
2.19429e-05
2.03483e-05
1.87436e-05
1.71437e-05
1.55424e-05
1.39521e-05
1.23657e-05
1.07928e-05
9.2262e-06
7.67255e-06
6.12501e-06
4.58744e-06
3.05419e-06
1.52632e-06
0
0
0
1.30314e-06
2.57414e-06
3.9168e-06
5.16511e-06
6.55152e-06
7.78743e-06
9.21788e-06
1.04508e-05
1.1921e-05
1.31579e-05
1.46583e-05
1.59015e-05
1.74171e-05
1.86629e-05
2.01734e-05
2.14113e-05
2.28919e-05
2.41052e-05
2.55282e-05
2.66958e-05
2.8034e-05
2.91333e-05
3.0362e-05
3.13715e-05
3.24711e-05
3.3373e-05
3.43304e-05
3.51128e-05
3.59231e-05
3.65813e-05
3.72472e-05
3.77828e-05
3.83111e-05
3.87274e-05
3.91232e-05
3.9418e-05
3.96779e-05
3.98411e-05
3.99558e-05
3.99762e-05
3.99395e-05
3.98135e-05
3.96284e-05
3.9362e-05
3.90384e-05
3.86412e-05
3.8188e-05
3.76641e-05
3.70816e-05
3.64271e-05
3.57102e-05
3.49196e-05
3.40648e-05
3.31372e-05
3.21474e-05
3.10893e-05
2.99751e-05
2.88005e-05
2.75793e-05
2.63082e-05
2.5002e-05
2.36579e-05
2.22913e-05
2.08989e-05
1.9496e-05
1.80787e-05
1.66609e-05
1.52377e-05
1.38212e-05
1.24053e-05
1.10002e-05
9.5992e-06
8.2098e-06
6.82556e-06
5.4514e-06
4.08165e-06
2.71865e-06
1.35814e-06
0
0
0
1.12656e-06
2.28511e-06
3.38695e-06
4.58245e-06
5.66817e-06
6.90244e-06
7.98066e-06
9.25175e-06
1.03296e-05
1.16313e-05
1.27129e-05
1.40343e-05
1.51192e-05
1.64448e-05
1.75269e-05
1.88368e-05
1.99045e-05
2.11758e-05
2.22129e-05
2.34217e-05
2.44091e-05
2.55329e-05
2.64517e-05
2.74711e-05
2.83043e-05
2.92052e-05
2.99398e-05
3.07143e-05
3.1343e-05
3.199e-05
3.25112e-05
3.30346e-05
3.34501e-05
3.3855e-05
3.41651e-05
3.44523e-05
3.46518e-05
3.48158e-05
3.48954e-05
3.49298e-05
3.48834e-05
3.47868e-05
3.46152e-05
3.43932e-05
3.4103e-05
3.37635e-05
3.33606e-05
3.29076e-05
3.2392e-05
3.18235e-05
3.11913e-05
3.05039e-05
2.97525e-05
2.89462e-05
2.80782e-05
2.71588e-05
2.61833e-05
2.51632e-05
2.40948e-05
2.29909e-05
2.18486e-05
2.06811e-05
1.94857e-05
1.82759e-05
1.70482e-05
1.58157e-05
1.45742e-05
1.33354e-05
1.20941e-05
1.08604e-05
9.62844e-06
8.40613e-06
7.18765e-06
5.97856e-06
4.77347e-06
3.57568e-06
2.3808e-06
1.18987e-06
0
0
0
9.79767e-07
1.93469e-06
2.94448e-06
3.88133e-06
4.92396e-06
5.8501e-06
6.92539e-06
7.84762e-06
8.95193e-06
9.87511e-06
1.1001e-05
1.19267e-05
1.30627e-05
1.39884e-05
1.51193e-05
1.60374e-05
1.71448e-05
1.80436e-05
1.91075e-05
1.99721e-05
2.09726e-05
2.17868e-05
2.27061e-05
2.34546e-05
2.42784e-05
2.49485e-05
2.56674e-05
2.62503e-05
2.68604e-05
2.73522e-05
2.78546e-05
2.82553e-05
2.86536e-05
2.89639e-05
2.92609e-05
2.94787e-05
2.96722e-05
2.97914e-05
2.98766e-05
2.98905e-05
2.98641e-05
2.97706e-05
2.96343e-05
2.94364e-05
2.91961e-05
2.8899e-05
2.85596e-05
2.81659e-05
2.77283e-05
2.72363e-05
2.66982e-05
2.61053e-05
2.54654e-05
2.47717e-05
2.40327e-05
2.32432e-05
2.24128e-05
2.15377e-05
2.06284e-05
1.9682e-05
1.87097e-05
1.77088e-05
1.66911e-05
1.56536e-05
1.46079e-05
1.35506e-05
1.24922e-05
1.14288e-05
1.03697e-05
9.31011e-06
8.25782e-06
7.20779e-06
6.16586e-06
5.12715e-06
4.09554e-06
3.06681e-06
2.04288e-06
1.02059e-06
0
0
0
8.06145e-07
1.63555e-06
2.42339e-06
3.27934e-06
4.05478e-06
4.9383e-06
5.70727e-06
6.61669e-06
7.38409e-06
8.3147e-06
9.08329e-06
1.00271e-05
1.07966e-05
1.17424e-05
1.25086e-05
1.34424e-05
1.41974e-05
1.51032e-05
1.58359e-05
1.66971e-05
1.73947e-05
1.81955e-05
1.8845e-05
1.95721e-05
2.01619e-05
2.08053e-05
2.13264e-05
2.18807e-05
2.23278e-05
2.27918e-05
2.31631e-05
2.35389e-05
2.38346e-05
2.41247e-05
2.43443e-05
2.45489e-05
2.4689e-05
2.48053e-05
2.48606e-05
2.48852e-05
2.48519e-05
2.47843e-05
2.46628e-05
2.4506e-05
2.42997e-05
2.40583e-05
2.37704e-05
2.34468e-05
2.30778e-05
2.26713e-05
2.22193e-05
2.17286e-05
2.11926e-05
2.06183e-05
2.00005e-05
1.93469e-05
1.86536e-05
1.79292e-05
1.71706e-05
1.63871e-05
1.55762e-05
1.47475e-05
1.38987e-05
1.30394e-05
1.2167e-05
1.12907e-05
1.04074e-05
9.52542e-06
8.64107e-06
7.76154e-06
6.88266e-06
6.01019e-06
5.1399e-06
4.27595e-06
3.41447e-06
2.55795e-06
1.70328e-06
8.51301e-07
0
0
0
6.54293e-07
1.29167e-06
1.96617e-06
2.59098e-06
3.28738e-06
3.90439e-06
4.62239e-06
5.23597e-06
5.97298e-06
6.58625e-06
7.33712e-06
7.95111e-06
8.70812e-06
9.32112e-06
1.00741e-05
1.06814e-05
1.14183e-05
1.20122e-05
1.272e-05
1.32911e-05
1.39567e-05
1.44947e-05
1.51065e-05
1.56015e-05
1.61503e-05
1.6594e-05
1.70737e-05
1.74604e-05
1.78681e-05
1.8195e-05
1.85312e-05
1.87977e-05
1.90642e-05
1.92701e-05
1.94682e-05
1.96119e-05
1.97405e-05
1.98186e-05
1.98751e-05
1.98838e-05
1.98666e-05
1.98046e-05
1.97149e-05
1.95837e-05
1.94244e-05
1.92267e-05
1.90007e-05
1.8738e-05
1.8446e-05
1.81176e-05
1.77589e-05
1.73637e-05
1.69377e-05
1.64762e-05
1.59851e-05
1.54607e-05
1.49096e-05
1.43289e-05
1.37258e-05
1.3098e-05
1.24532e-05
1.17894e-05
1.11143e-05
1.04258e-05
9.73165e-06
9.02937e-06
8.32616e-06
7.61911e-06
6.91458e-06
6.20932e-06
5.50857e-06
4.80892e-06
4.11439e-06
3.4217e-06
2.73353e-06
2.04708e-06
1.36369e-06
6.81304e-07
0
0
0
4.84253e-07
9.82626e-07
1.45564e-06
1.97e-06
2.43521e-06
2.96608e-06
3.42695e-06
3.97321e-06
4.43261e-06
4.99131e-06
5.45086e-06
6.01716e-06
6.47662e-06
7.04377e-06
7.50076e-06
8.06039e-06
8.51032e-06
9.05294e-06
9.4894e-06
1.00052e-05
1.04208e-05
1.09005e-05
1.12875e-05
1.17234e-05
1.20751e-05
1.24612e-05
1.27723e-05
1.31054e-05
1.33728e-05
1.36519e-05
1.38742e-05
1.41003e-05
1.42773e-05
1.44517e-05
1.45827e-05
1.47054e-05
1.47885e-05
1.48581e-05
1.48906e-05
1.49055e-05
1.48854e-05
1.48453e-05
1.47727e-05
1.46793e-05
1.45559e-05
1.44114e-05
1.42387e-05
1.40446e-05
1.38229e-05
1.35789e-05
1.33076e-05
1.30134e-05
1.26921e-05
1.23481e-05
1.19783e-05
1.15874e-05
1.11728e-05
1.07398e-05
1.02865e-05
9.81834e-06
9.33377e-06
8.83862e-06
8.33128e-06
7.81764e-06
7.29592e-06
6.77178e-06
6.24314e-06
5.71514e-06
5.18543e-06
4.65841e-06
4.13153e-06
3.6083e-06
3.08617e-06
2.5677e-06
2.05055e-06
1.53627e-06
1.02301e-06
5.11318e-07
0
0
0
3.27474e-07
6.46382e-07
9.84017e-07
1.29649e-06
1.64508e-06
1.95344e-06
2.31279e-06
2.6192e-06
2.98794e-06
3.29391e-06
3.66943e-06
3.97548e-06
4.35389e-06
4.65916e-06
5.0354e-06
5.33757e-06
5.70565e-06
6.00104e-06
6.35449e-06
6.63847e-06
6.97089e-06
7.23843e-06
7.54409e-06
7.79034e-06
8.06467e-06
8.2856e-06
8.52554e-06
8.7183e-06
8.92249e-06
9.0856e-06
9.25408e-06
9.38708e-06
9.52061e-06
9.62327e-06
9.72234e-06
9.7938e-06
9.85798e-06
9.89661e-06
9.92482e-06
9.92898e-06
9.92056e-06
9.88962e-06
9.84505e-06
9.77963e-06
9.70026e-06
9.60151e-06
9.48862e-06
9.35719e-06
9.21118e-06
9.04688e-06
8.8675e-06
8.66995e-06
8.45718e-06
8.22673e-06
7.98164e-06
7.72001e-06
7.44515e-06
7.1556e-06
6.85497e-06
6.54203e-06
6.22065e-06
5.88971e-06
5.55317e-06
5.20986e-06
4.86368e-06
4.51333e-06
4.16242e-06
3.80946e-06
3.45767e-06
3.10537e-06
2.75523e-06
2.40553e-06
2.0583e-06
1.71189e-06
1.36769e-06
1.02427e-06
6.82363e-07
3.40916e-07
0
0
0
1.6151e-07
3.27755e-07
4.85474e-07
6.5706e-07
8.12119e-07
9.89198e-07
1.14274e-06
1.32492e-06
1.47788e-06
1.66417e-06
1.81708e-06
2.00585e-06
2.15864e-06
2.34763e-06
2.49951e-06
2.68595e-06
2.83541e-06
3.01615e-06
3.16111e-06
3.33291e-06
3.47091e-06
3.63072e-06
3.75928e-06
3.9045e-06
4.02138e-06
4.15009e-06
4.25355e-06
4.36464e-06
4.45361e-06
4.54678e-06
4.62079e-06
4.69628e-06
4.75519e-06
4.81336e-06
4.85692e-06
4.89779e-06
4.92537e-06
4.94852e-06
4.95926e-06
4.96423e-06
4.95752e-06
4.94424e-06
4.9201e-06
4.88905e-06
4.84796e-06
4.79987e-06
4.74231e-06
4.67759e-06
4.60368e-06
4.52235e-06
4.43189e-06
4.33384e-06
4.2268e-06
4.11226e-06
3.98914e-06
3.85902e-06
3.72107e-06
3.57701e-06
3.42618e-06
3.27046e-06
3.10926e-06
2.94455e-06
2.77577e-06
2.60487e-06
2.43125e-06
2.2568e-06
2.08082e-06
1.90501e-06
1.72859e-06
1.55304e-06
1.37748e-06
1.20312e-06
1.02908e-06
8.56242e-07
6.83817e-07
5.12335e-07
3.41173e-07
1.70527e-07
0
0
0
0
0
0
0
0
0
0
0
0
0
0
0
0
0
0
0
0
0
0
0
0
0
0
0
0
0
0
0
0
0
0
0
0
0
0
0
0
0
0
0
0
0
0
0
0
0
0
0
0
0
0
0
0
0
0
0
0
0
0
0
0
0
0
0
0
0
0
0
0
0
0
0
0
0
0
0
0
0
0
0
0
0
0
0
0
0
0
0
0
0
0
0
0
0
0
0
0
0
0
0
0
0
0
0
0
0
0
0
0
0
0
0
0
0
0
0
0
0
0
0
0
0
0
0
0
0
0
0
0
0
0
0
0
0
0
0
0
0
0
0
0
0
0
0
0
0
0
0
0
0
0
0
0
0
0
0
0
0
0
0
0
