89 79
2.92423e-07
5.71558e-07
8.79512e-07
1.14839e-06
1.47315e-06
1.73534e-06
2.07706e-06
2.3363e-06
2.69403e-06
2.95377e-06
3.32534e-06
3.58832e-06
3.97038e-06
4.23817e-06
4.62623e-06
4.89884e-06
5.28742e-06
5.5632e-06
5.94608e-06
6.22175e-06
6.59226e-06
6.86322e-06
7.21467e-06
7.47541e-06
7.8015e-06
8.04617e-06
8.34138e-06
8.56435e-06
8.82421e-06
9.02046e-06
9.24158e-06
9.40678e-06
9.58652e-06
9.71675e-06
9.85272e-06
9.94411e-06
1.00338e-05
1.00827e-05
1.01241e-05
1.01278e-05
1.01198e-05
1.00773e-05
1.00209e-05
9.93308e-06
9.83064e-06
9.69991e-06
9.55463e-06
9.38381e-06
9.19895e-06
8.99093e-06
8.7698e-06
8.52774e-06
8.27406e-06
8.00187e-06
7.72017e-06
7.42266e-06
7.11833e-06
6.80113e-06
6.48009e-06
6.14921e-06
5.8175e-06
5.47882e-06
5.14207e-06
4.80091e-06
4.46392e-06
4.12462e-06
3.79106e-06
3.45672e-06
3.12891e-06
2.80133e-06
2.48026e-06
2.15995e-06
1.84545e-06
1.53184e-06
1.22279e-06
9.14464e-07
6.09042e-07
3.04024e-07
0
5.70692e-07
1.17035e-06
1.71743e-06
2.34961e-06
2.87977e-06
3.54598e-06
4.06661e-06
4.76609e-06
5.28454e-06
6.01418e-06
6.53678e-06
7.29109e-06
7.82224e-06
8.59339e-06
9.13471e-06
9.91271e-06
1.04626e-05
1.12356e-05
1.1789e-05
1.25441e-05
1.3093e-05
1.38167e-05
1.43508e-05
1.503e-05
1.55377e-05
1.61604e-05
1.66302e-05
1.71862e-05
1.76073e-05
1.8089e-05
1.84521e-05
1.88535e-05
1.91505e-05
1.94668e-05
1.96899e-05
1.99163e-05
2.00578e-05
2.01894e-05
2.02427e-05
2.02761e-05
2.02373e-05
2.01723e-05
2.00414e-05
1.98815e-05
1.96621e-05
1.94132e-05
1.91107e-05
1.87795e-05
1.83996e-05
1.79925e-05
1.75412e-05
1.7065e-05
1.65493e-05
1.60122e-05
1.54408e-05
1.48528e-05
1.42361e-05
1.36087e-05
1.29586e-05
1.23038e-05
1.16323e-05
1.09621e-05
1.02806e-05
9.6054e-06
8.92369e-06
8.2521e-06
7.57766e-06
6.9157e-06
6.25342e-06
5.6044e-06
4.95654e-06
4.3212e-06
3.68764e-06
3.0646e-06
2.44326e-06
1.82948e-06
1.21688e-06
6.08231e-07
0
8.7632e-07
1.71312e-06
2.63576e-06
3.44221e-06
4.41506e-06
5.20191e-06
6.2256e-06
7.00411e-06
8.07583e-06
8.85646e-06
9.96985e-06
1.07608e-05
1.1906e-05
1.27119e-05
1.38754e-05
1.46964e-05
1.58618e-05
1.66928e-05
1.78414e-05
1.86723e-05
1.97841e-05
2.06009e-05
2.16556e-05
2.24417e-05
2.34203e-05
2.41578e-05
2.50436e-05
2.57155e-05
2.64951e-05
2.70864e-05
2.77498e-05
2.82475e-05
2.87869e-05
2.91796e-05
2.95878e-05
2.98638e-05
3.01333e-05
3.02814e-05
3.04055e-05
3.04171e-05
3.03928e-05
3.0265e-05
3.00947e-05
2.98306e-05
2.9522e-05
2.91289e-05
2.86918e-05
2.81785e-05
2.76226e-05
2.69976e-05
2.63328e-05
2.56053e-05
2.48426e-05
2.40244e-05
2.31773e-05
2.22829e-05
2.13677e-05
2.04141e-05
1.94488e-05
1.84541e-05
1.74569e-05
1.64391e-05
1.54271e-05
1.44021e-05
1.33898e-05
1.23709e-05
1.13693e-05
1.03657e-05
9.38187e-06
8.39902e-06
7.43583e-06
6.47515e-06
5.53202e-06
4.59173e-06
3.66518e-06
2.74095e-06
1.82545e-06
9.11229e-07
0
1.1398e-06
2.33693e-06
3.43025e-06
4.69198e-06
5.75233e-06
7.08183e-06
8.12416e-06
9.52013e-06
1.05592e-05
1.20157e-05
1.30643e-05
1.45705e-05
1.56375e-05
1.7178e-05
1.82665e-05
1.98214e-05
2.09281e-05
2.24738e-05
2.35882e-05
2.50986e-05
2.62044e-05
2.76523e-05
2.87284e-05
3.00874e-05
3.11103e-05
3.23561e-05
3.33022e-05
3.44147e-05
3.52623e-05
3.62257e-05
3.69564e-05
3.77595e-05
3.83574e-05
3.89906e-05
3.94406e-05
3.98941e-05
4.01805e-05
4.04441e-05
4.05529e-05
4.06191e-05
4.05419e-05
4.04103e-05
4.01475e-05
3.98252e-05
3.93848e-05
3.88844e-05
3.82776e-05
3.76126e-05
3.68512e-05
3.60343e-05
3.51296e-05
3.41741e-05
3.31398e-05
3.2062e-05
3.09155e-05
2.97353e-05
2.8498e-05
2.72386e-05
2.59343e-05
2.46204e-05
2.32736e-05
2.19292e-05
2.0563e-05
1.92094e-05
1.78435e-05
1.6498e-05
1.51476e-05
1.38224e-05
1.24972e-05
1.11987e-05
9.9032e-06
8.63291e-06
7.36663e-06
6.12153e-06
4.88017e-06
3.65402e-06
2.43042e-06
1.21476e-06
0
1.45735e-06
2.84996e-06
4.38361e-06
5.727e-06
7.34371e-06
8.65599e-06
1.03572e-05
1.16573e-05
1.34387e-05
1.47443e-05
1.65956e-05
1.79206e-05
1.98257e-05
2.11777e-05
2.31145e-05
2.44935e-05
2.64347e-05
2.78318e-05
2.97461e-05
3.11441e-05
3.29977e-05
3.43724e-05
3.61314e-05
3.74543e-05
3.90865e-05
4.03272e-05
4.18044e-05
4.29342e-05
4.42338e-05
4.52275e-05
4.63332e-05
4.71699e-05
4.80692e-05
4.87302e-05
4.94118e-05
4.98778e-05
5.03284e-05
5.05798e-05
5.07868e-05
5.08084e-05
5.07659e-05
5.05524e-05
5.02649e-05
4.98224e-05
4.93035e-05
4.86455e-05
4.79127e-05
4.70542e-05
4.61237e-05
4.50787e-05
4.39661e-05
4.27495e-05
4.14727e-05
4.01037e-05
3.86852e-05
3.71881e-05
3.56555e-05
3.40592e-05
3.24429e-05
3.07784e-05
2.91095e-05
2.7407e-05
2.57143e-05
2.40013e-05
2.23095e-05
2.06079e-05
1.89355e-05
1.72612e-05
1.562e-05
1.39816e-05
1.23763e-05
1.07761e-05
9.20541e-06
7.64011e-06
6.09792e-06
4.56001e-06
3.03678e-06
1.51588e-06
0
1.70571e-06
3.49587e-06
5.13371e-06
7.01965e-06
8.6102e-06
1.05971e-05
1.21631e-05
1.42497e-05
1.58136e-05
1.79913e-05
1.95725e-05
2.18261e-05
2.34379e-05
2.57445e-05
2.73917e-05
2.97217e-05
3.13987e-05
3.37166e-05
3.54072e-05
3.76736e-05
3.93521e-05
4.15257e-05
4.31596e-05
4.52e-05
4.67529e-05
4.86232e-05
5.00585e-05
5.17279e-05
5.30129e-05
5.44582e-05
5.55655e-05
5.67703e-05
5.76772e-05
5.86283e-05
5.93128e-05
5.99954e-05
6.04333e-05
6.08303e-05
6.09987e-05
6.1097e-05
6.09822e-05
6.07804e-05
6.03836e-05
5.98937e-05
5.92287e-05
5.84714e-05
5.75569e-05
5.65533e-05
5.54066e-05
5.4175e-05
5.28125e-05
5.13718e-05
4.98131e-05
4.81871e-05
4.64584e-05
4.46775e-05
4.28113e-05
4.0911e-05
3.89442e-05
3.69624e-05
3.49325e-05
3.2906e-05
3.08484e-05
2.881e-05
2.67548e-05
2.47309e-05
2.27014e-05
2.07103e-05
1.87209e-05
1.67723e-05
1.48296e-05
1.29252e-05
1.10279e-05
9.16284e-06
7.30415e-06
5.46849e-06
3.63716e-06
1.81782e-06
0
2.03351e-06
3.97875e-06
6.11725e-06
7.99636e-06
1.02499e-05
1.20887e-05
1.44599e-05
1.62854e-05
1.87691e-05
2.06063e-05
2.31892e-05
2.50578e-05
2.77179e-05
2.96289e-05
3.23358e-05
3.42886e-05
3.70043e-05
3.89856e-05
4.16659e-05
4.36505e-05
4.62476e-05
4.82001e-05
5.06657e-05
5.25446e-05
5.48325e-05
5.65938e-05
5.86637e-05
6.02661e-05
6.20862e-05
6.34944e-05
6.50423e-05
6.62281e-05
6.74882e-05
6.84272e-05
6.93842e-05
7.00496e-05
7.06838e-05
7.10458e-05
7.13365e-05
7.13712e-05
7.13078e-05
7.10073e-05
7.05967e-05
6.99716e-05
6.92356e-05
6.83079e-05
6.72731e-05
6.60652e-05
6.47542e-05
6.32845e-05
6.17175e-05
6.00055e-05
5.82063e-05
5.62781e-05
5.42782e-05
5.21687e-05
5.00073e-05
4.77579e-05
4.54792e-05
4.31346e-05
4.07832e-05
3.8387e-05
3.60045e-05
3.35959e-05
3.12176e-05
2.88282e-05
2.64807e-05
2.41328e-05
2.18323e-05
1.95379e-05
1.72907e-05
1.50525e-05
1.28562e-05
1.06688e-05
8.51416e-06
6.36641e-06
4.23943e-06
2.11616e-06
0
2.26666e-06
4.64314e-06
6.82271e-06
9.32483e-06
1.14453e-05
1.40809e-05
1.61732e-05
1.89414e-05
2.1036e-05
2.39269e-05
2.60503e-05
2.90443e-05
3.12145e-05
3.42822e-05
3.65054e-05
3.96078e-05
4.18757e-05
4.49655e-05
4.7255e-05
5.02788e-05
5.2554e-05
5.5456e-05
5.76713e-05
6.03963e-05
6.25011e-05
6.49985e-05
6.69422e-05
6.91699e-05
7.09079e-05
7.28351e-05
7.43319e-05
7.59385e-05
7.71659e-05
7.84366e-05
7.93672e-05
8.02825e-05
8.08826e-05
8.14157e-05
8.16506e-05
8.17798e-05
8.16285e-05
8.13507e-05
8.0816e-05
8.01501e-05
7.92545e-05
7.82321e-05
7.70045e-05
7.56552e-05
7.41184e-05
7.24649e-05
7.06384e-05
6.87036e-05
6.66119e-05
6.44266e-05
6.21046e-05
5.97098e-05
5.72023e-05
5.46472e-05
5.20051e-05
4.93418e-05
4.66168e-05
4.38962e-05
4.11369e-05
3.84039e-05
3.56519e-05
3.29426e-05
3.02292e-05
2.75684e-05
2.49132e-05
2.23135e-05
1.97243e-05
1.71872e-05
1.46618e-05
1.21799e-05
9.70811e-06
7.26743e-06
4.83339e-06
2.41554e-06
0
2.60274e-06
5.0959e-06
7.83052e-06
1.02433e-05
1.31238e-05
1.54902e-05
1.85211e-05
2.08765e-05
2.40526e-05
2.64301e-05
2.97357e-05
3.21612e-05
3.55695e-05
3.80571e-05
4.15301e-05
4.40786e-05
4.75676e-05
5.01584e-05
5.3606e-05
5.62044e-05
5.95481e-05
6.21063e-05
6.52824e-05
6.77442e-05
7.06917e-05
7.29978e-05
7.56631e-05
7.77581e-05
8.00995e-05
8.19382e-05
8.39281e-05
8.54765e-05
8.70979e-05
8.83281e-05
8.95643e-05
9.04429e-05
9.12656e-05
9.17494e-05
9.21256e-05
9.21781e-05
9.20897e-05
9.16996e-05
9.11567e-05
9.0342e-05
8.93783e-05
8.81739e-05
8.68283e-05
8.52654e-05
8.35664e-05
8.1666e-05
7.96357e-05
7.74198e-05
7.50865e-05
7.25876e-05
6.99917e-05
6.72555e-05
6.44494e-05
6.15316e-05
5.85742e-05
5.55345e-05
5.24855e-05
4.93821e-05
4.62969e-05
4.3182e-05
4.01074e-05
3.70229e-05
3.3994e-05
3.09688e-05
2.80063e-05
2.50556e-05
2.2167e-05
1.9293e-05
1.6474e-05
1.36688e-05
1.09065e-05
8.15444e-06
5.42954e-06
2.71014e-06
0
2.82075e-06
5.77445e-06
8.49165e-06
1.15992e-05
1.42487e-05
1.75213e-05
2.01427e-05
2.35809e-05
2.62134e-05
2.98066e-05
3.24842e-05
3.62098e-05
3.89556e-05
4.27787e-05
4.56002e-05
4.94726e-05
5.23582e-05
5.62206e-05
5.91392e-05
6.29237e-05
6.58272e-05
6.94624e-05
7.22907e-05
7.57057e-05
7.83917e-05
8.15207e-05
8.3998e-05
8.67863e-05
8.89974e-05
9.14066e-05
9.33085e-05
9.53166e-05
9.68786e-05
9.84715e-05
9.96641e-05
0.000100818
0.000101596
0.000102271
0.000102582
0.000102742
0.000102555
0.000102192
0.000101513
0.000100658
9.95223e-05
9.82233e-05
9.66754e-05
9.49722e-05
9.30394e-05
9.09556e-05
8.86571e-05
8.62168e-05
8.35805e-05
8.08208e-05
7.78902e-05
7.48637e-05
7.16974e-05
6.84684e-05
6.51331e-05
6.177e-05
5.83333e-05
5.49019e-05
5.1427e-05
4.7986e-05
4.45267e-05
4.11228e-05
3.77193e-05
3.43838e-05
3.10604e-05
2.78086e-05
2.45743e-05
2.14068e-05
1.82572e-05
1.51633e-05
1.20842e-05
9.04482e-06
6.01506e-06
3.00586e-06
0
3.16277e-06
6.19744e-06
9.51683e-06
1.24602e-05
1.59548e-05
1.88494e-05
2.25267e-05
2.54172e-05
2.92729e-05
3.22009e-05
3.62183e-05
3.92164e-05
4.3365e-05
4.64512e-05
5.06861e-05
5.38578e-05
5.81198e-05
6.13522e-05
6.55701e-05
6.88174e-05
7.29131e-05
7.61128e-05
8.00063e-05
8.30856e-05
8.66994e-05
8.95812e-05
9.28463e-05
9.54592e-05
9.83231e-05
0.000100611
0.000103043
0.000104969
0.000106952
0.000108489
0.000110011
0.000111122
0.000112142
0.000112764
0.00011323
0.000113306
0.000113188
0.000112703
0.000112014
0.000110998
0.000109791
0.000108299
0.000106632
0.000104708
0.000102613
0.000100276
9.77715e-05
9.5041e-05
9.21588e-05
8.90736e-05
8.58627e-05
8.24806e-05
7.90082e-05
7.54015e-05
7.17436e-05
6.7989e-05
6.4222e-05
6.03938e-05
5.65885e-05
5.27532e-05
4.89694e-05
4.51803e-05
4.14619e-05
3.77549e-05
3.41273e-05
3.05199e-05
2.6991e-05
2.34846e-05
2.00472e-05
1.66301e-05
1.32665e-05
9.9178e-06
6.60282e-06
3.29565e-06
0
3.3659e-06
6.8852e-06
1.01343e-05
1.38337e-05
1.70105e-05
2.09052e-05
2.40585e-05
2.81519e-05
3.13302e-05
3.56124e-05
3.8858e-05
4.33049e-05
4.66467e-05
5.12186e-05
5.46657e-05
5.93063e-05
6.28429e-05
6.74804e-05
7.10655e-05
7.56165e-05
7.9188e-05
8.35643e-05
8.70451e-05
9.11588e-05
9.44631e-05
9.8231e-05
0.000101273
0.000104626
0.000107334
0.000110225
0.000112549
0.000114957
0.000116869
0.000118787
0.000120262
0.000121666
0.000122645
0.000123472
0.000123873
0.000124064
0.00012384
0.000123381
0.000122544
0.000121481
0.000120091
0.000118499
0.000116623
0.000114557
0.000112223
0.0001097
0.000106921
0.000103962
0.000100766
9.74125e-05
9.38533e-05
9.01714e-05
8.63234e-05
8.23957e-05
7.83441e-05
7.42571e-05
7.0087e-05
6.59235e-05
6.17145e-05
5.75484e-05
5.33683e-05
4.9258e-05
4.51566e-05
4.11404e-05
3.71466e-05
3.32418e-05
2.93645e-05
2.557e-05
2.18019e-05
1.81023e-05
1.44238e-05
1.0794e-05
7.17768e-06
3.58652e-06
0
3.71122e-06
7.27896e-06
1.1169e-05
1.46383e-05
1.87312e-05
2.2154e-05
2.64612e-05
2.98918e-05
3.44115e-05
3.79011e-05
4.26171e-05
4.62061e-05
5.10859e-05
5.47963e-05
5.97891e-05
6.36172e-05
6.86536e-05
7.25668e-05
7.75609e-05
8.14997e-05
8.63562e-05
9.02414e-05
9.48628e-05
9.86023e-05
0.000102893
0.000106389
0.000110261
0.000113421
0.00011681
0.000119569
0.000122439
0.000124757
0.0001271
0.000128963
0.000130779
0.000132149
0.000133385
0.000134168
0.000134733
0.000134841
0.000134685
0.000134096
0.000133239
0.000132003
0.00013053
0.000128737
0.000126737
0.000124448
0.00012195
0.000119168
0.000116179
0.000112921
0.000109472
0.000105781
0.00010193
9.78772e-05
9.37107e-05
8.93887e-05
8.50027e-05
8.05077e-05
7.5997e-05
7.14212e-05
6.68738e-05
6.23001e-05
5.77907e-05
5.32851e-05
4.88677e-05
4.44734e-05
4.01774e-05
3.59138e-05
3.17464e-05
2.76123e-05
2.35625e-05
1.95413e-05
1.5585e-05
1.16494e-05
7.7545e-06
3.87032e-06
0
3.89976e-06
7.97038e-06
1.17438e-05
1.60185e-05
1.97191e-05
2.42184e-05
2.79052e-05
3.26362e-05
3.63681e-05
4.13234e-05
4.5152e-05
5.0308e-05
5.4269e-05
5.9583e-05
6.36875e-05
6.90958e-05
7.3323e-05
7.87409e-05
8.30377e-05
8.83647e-05
9.26516e-05
9.77811e-05
0.000101962
0.000106788
0.000110756
0.000115174
0.000118819
0.000122741
0.000125972
0.000129345
0.000132109
0.000134911
0.000137184
0.00013943
0.000141214
0.00014289
0.000144101
0.000145101
0.000145612
0.000145835
0.000145574
0.000144999
0.000143983
0.000142683
0.000141014
0.00013911
0.000136896
0.000134464
0.000131726
0.000128755
0.000125486
0.000121992
0.00011822
0.000114248
0.000110034
0.000105667
0.000101108
9.64501e-05
9.16528e-05
8.68118e-05
8.18812e-05
7.69584e-05
7.19923e-05
6.70795e-05
6.21618e-05
5.73309e-05
5.25222e-05
4.78187e-05
4.3152e-05
3.85942e-05
3.40773e-05
2.96607e-05
2.52815e-05
2.09846e-05
1.67169e-05
1.25074e-05
8.3162e-06
4.15497e-06
0
4.24548e-06
8.33553e-06
1.27794e-05
1.67679e-05
2.14404e-05
2.53894e-05
3.03072e-05
3.42819e-05
3.94474e-05
4.35096e-05
4.89089e-05
5.31082e-05
5.87091e-05
6.30727e-05
6.88204e-05
7.33435e-05
7.91585e-05
8.37987e-05
8.95789e-05
9.42597e-05
9.98904e-05
0.000104513
0.000109878
0.000114329
0.000119313
0.000123468
0.000127959
0.000131701
0.000135616
0.000138868
0.000142173
0.000144895
0.000147588
0.000149791
0.00015192
0.000153589
0.00015507
0.000156049
0.000156729
0.000156881
0.000156676
0.000155966
0.00015491
0.000153419
0.000151646
0.000149531
0.000147188
0.000144536
0.000141632
0.000138402
0.000134916
0.000131118
0.00012708
0.000122758
0.000118236
0.00011348
0.000108585
0.000103514
9.83658e-05
9.30986e-05
8.78123e-05
8.24602e-05
7.71435e-05
7.18088e-05
6.65541e-05
6.13176e-05
5.61899e-05
5.11024e-05
4.6135e-05
4.12163e-05
3.64139e-05
3.16588e-05
2.70044e-05
2.23894e-05
1.78515e-05
1.33413e-05
8.87924e-06
4.43145e-06
0
4.41974e-06
9.02458e-06
1.33123e-05
1.81428e-05
2.23618e-05
2.74448e-05
3.16652e-05
3.70132e-05
4.13053e-05
4.69155e-05
5.13419e-05
5.71933e-05
6.17983e-05
6.78481e-05
7.26455e-05
7.88238e-05
8.37874e-05
8.99955e-05
9.50565e-05
0.000101174
0.000106232
0.000112132
0.000117069
0.000122628
0.000127313
0.000132401
0.000136692
0.000141191
0.000144975
0.000148826
0.000152048
0.000155232
0.000157866
0.000160437
0.000162564
0.000164548
0.000166045
0.000167251
0.000167902
0.000168164
0.000167858
0.000167141
0.000165911
0.000164324
0.000162335
0.000160088
0.000157536
0.000154745
0.000151608
0.000148182
0.000144413
0.000140369
0.000135999
0.000131379
0.000126477
0.000121386
0.000116078
0.000110652
0.000105073
9.94413e-05
9.37162e-05
8.80011e-05
8.22488e-05
7.65628e-05
7.08871e-05
6.53187e-05
5.9792e-05
5.4394e-05
4.90528e-05
4.3843e-05
3.86917e-05
3.36599e-05
2.86795e-05
2.37964e-05
1.89524e-05
1.41766e-05
9.42498e-06
4.70839e-06
0
4.76272e-06
9.36171e-06
1.43394e-05
1.88381e-05
2.40682e-05
2.85394e-05
3.40452e-05
3.85661e-05
4.4356e-05
4.90006e-05
5.5066e-05
5.98951e-05
6.62065e-05
7.12546e-05
7.77559e-05
8.30174e-05
8.96196e-05
9.50403e-05
0.000101622
0.000107104
0.000113528
0.000118947
0.000125078
0.000130302
0.000136004
0.000140875
0.000146001
0.000150363
0.000154807
0.000158572
0.000162311
0.000165438
0.000168445
0.000170996
0.000173467
0.000175498
0.00017728
0.00017851
0.000179332
0.000179541
0.000179276
0.000178416
0.000177109
0.000175307
0.000173173
0.000170701
0.000168016
0.00016503
0.000161727
0.00015804
0.000154049
0.000149695
0.000145045
0.000140059
0.000134826
0.000129325
0.000123657
0.000117797
0.000111846
0.000105768
9.9667e-05
9.35032e-05
8.73835e-05
8.126e-05
7.52359e-05
6.92518e-05
6.34014e-05
5.76147e-05
5.19735e-05
4.64027e-05
4.09706e-05
3.56037e-05
3.03554e-05
2.51597e-05
2.00539e-05
1.49846e-05
9.97108e-06
4.97608e-06
0
4.92298e-06
1.0042e-05
1.48312e-05
2.01948e-05
2.49241e-05
3.05667e-05
3.5318e-05
4.12593e-05
4.6116e-05
5.23599e-05
5.73978e-05
6.39295e-05
6.92037e-05
7.59833e-05
8.15128e-05
8.84666e-05
9.4219e-05
0.000101234
0.00010712
0.000114049
0.000119941
0.000126635
0.000132393
0.000138713
0.000144183
0.000149969
0.000154959
0.000160047
0.000164408
0.000168733
0.000172439
0.000175987
0.000178928
0.000181806
0.000184333
0.000186701
0.000188566
0.000190036
0.00019087
0.00019118
0.000190821
0.00018992
0.000188416
0.000186464
0.000184077
0.000181437
0.000178557
0.000175468
0.000171943
0.000168044
0.000163773
0.000159163
0.000154171
0.000148865
0.00014323
0.000137364
0.00013126
0.00012502
0.000118617
0.000112151
0.00010559
9.90414e-05
9.2467e-05
8.59756e-05
7.9517e-05
7.31917e-05
6.69353e-05
6.0836e-05
5.48197e-05
4.89609e-05
4.31828e-05
3.75458e-05
3.19771e-05
2.65219e-05
2.11176e-05
1.57921e-05
1.04977e-05
5.24365e-06
0
5.25994e-06
1.03515e-05
1.58399e-05
2.08366e-05
2.65992e-05
3.15854e-05
3.76534e-05
4.27195e-05
4.91093e-05
5.43436e-05
6.1055e-05
6.65321e-05
7.35428e-05
7.93076e-05
8.65636e-05
9.2612e-05
0.000100016
0.00010628
0.000113688
0.000120036
0.000127279
0.000133561
0.000140487
0.000146555
0.000153017
0.000158673
0.000164464
0.000169482
0.000174455
0.000178741
0.00018294
0.000186478
0.000189662
0.000192542
0.000195424
0.000197935
0.000200116
0.000201677
0.000202686
0.000202971
0.000202627
0.000201573
0.000199937
0.000197723
0.000195117
0.000192214
0.000189211
0.000186022
0.000182324
0.000178145
0.00017365
0.00016873
0.000163442
0.000157751
0.000151751
0.000145448
0.000138953
0.000132256
0.000125454
0.00011852
0.000111558
0.000104538
9.75734e-05
9.06266e-05
8.38049e-05
7.70536e-05
7.04673e-05
6.39762e-05
5.76608e-05
5.14432e-05
4.53899e-05
3.94233e-05
3.35952e-05
2.78353e-05
2.21791e-05
1.65693e-05
1.10234e-05
5.50092e-06
0
5.40636e-06
1.10163e-05
1.6291e-05
2.21619e-05
2.73899e-05
3.35646e-05
3.88407e-05
4.53479e-05
5.07701e-05
5.76234e-05
6.32833e-05
7.04779e-05
7.64454e-05
8.39495e-05
9.02525e-05
9.79927e-05
0.000104594
0.00011244
0.000119223
0.000126995
0.00013379
0.000141306
0.000147954
0.000155078
0.000161417
0.00016795
0.000173706
0.00017939
0.000184355
0.000189109
0.000193395
0.000197328
0.000200306
0.000203445
0.000206503
0.000209407
0.000211778
0.000213603
0.000214677
0.000215051
0.000214623
0.000213484
0.000211614
0.000209162
0.000206222
0.000203062
0.000199897
0.000196788
0.000192844
0.000188387
0.000183646
0.000178458
0.000172824
0.000166778
0.000160345
0.000153636
0.000146677
0.00013957
0.000132296
0.000124945
0.000117498
0.000110064
0.000102623
9.52861e-05
8.8015e-05
8.0911e-05
7.39129e-05
6.71067e-05
6.04172e-05
5.39156e-05
4.75218e-05
4.12931e-05
3.51529e-05
2.91435e-05
2.31986e-05
1.73436e-05
1.15276e-05
5.75731e-06
0
5.73395e-06
1.12984e-05
1.72713e-05
2.27502e-05
2.90167e-05
3.45069e-05
4.11075e-05
4.67135e-05
5.36752e-05
5.9502e-05
6.68364e-05
7.29764e-05
8.06734e-05
8.7187e-05
9.52013e-05
0.00010209
0.00011032
0.000117498
0.000125769
0.000133063
0.000141158
0.00014837
0.000156123
0.000163118
0.000170405
0.000176939
0.00018345
0.00018915
0.000194665
0.000199361
0.000204208
0.00020832
0.000211053
0.000214242
0.000217749
0.000220969
0.000223715
0.000225721
0.000226976
0.000227359
0.000226917
0.000225609
0.000223532
0.000220739
0.000217434
0.000213884
0.000210589
0.00020782
0.00020357
0.000198703
0.000193826
0.000188315
0.000182378
0.000175911
0.000169067
0.000161878
0.000154489
0.000146905
0.000139204
0.000131361
0.000123479
0.000115546
0.000107684
9.98715e-05
9.22186e-05
8.46785e-05
7.73435e-05
7.01447e-05
6.31577e-05
5.63024e-05
4.96405e-05
4.30909e-05
3.67012e-05
3.03976e-05
2.42123e-05
1.80846e-05
1.20291e-05
6.0024e-06
0
5.86656e-06
1.1941e-05
1.76816e-05
2.40305e-05
2.97416e-05
3.64173e-05
4.22073e-05
4.92491e-05
5.52326e-05
6.2667e-05
6.89544e-05
7.67916e-05
8.3473e-05
9.16961e-05
9.88153e-05
0.000107359
0.000114877
0.000123595
0.00013136
0.000140019
0.000147793
0.000156159
0.000163761
0.00017174
0.000179073
0.000186428
0.000193069
0.000199312
0.000204985
0.000209785
0.000215094
0.000219944
0.000221522
0.000225025
0.000229015
0.000232766
0.000235852
0.000238155
0.000239538
0.000239996
0.00023948
0.000238034
0.000235676
0.000232519
0.000228712
0.000224637
0.000221078
0.000219392
0.000214493
0.000209042
0.000204207
0.000198345
0.000192094
0.000185202
0.000177882
0.000170221
0.000162338
0.000154317
0.000146124
0.000137832
0.000129434
0.000121049
0.000112681
0.00010445
9.63317e-05
8.84256e-05
8.06748e-05
7.31592e-05
6.58023e-05
5.86687e-05
5.16753e-05
4.48733e-05
3.81829e-05
3.16416e-05
2.518e-05
1.88198e-05
1.25072e-05
6.24571e-06
0
6.18144e-06
1.21955e-05
1.86233e-05
2.45648e-05
3.13031e-05
3.72813e-05
4.4381e-05
5.05162e-05
5.80171e-05
6.44333e-05
7.2363e-05
7.9175e-05
8.75428e-05
9.48339e-05
0.000103612
0.000111399
0.00012049
0.000128672
0.000137862
0.000146194
0.000155182
0.000163384
0.00017198
0.000179988
0.000188236
0.000195755
0.000203162
0.000209407
0.000215823
0.000219866
0.000226272
0.000232618
0.000231389
0.00023558
0.000240412
0.000244758
0.000248298
0.000250882
0.000252449
0.000252953
0.000252389
0.000250763
0.000248116
0.000244513
0.000240096
0.000235195
0.000230922
0.000232079
0.000225624
0.000219151
0.000214964
0.000208495
0.000202054
0.000194623
0.000186841
0.000178616
0.000170263
0.000161757
0.000153114
0.000144302
0.000135424
0.000126503
0.000117675
0.000108942
0.000100419
9.20681e-05
8.39738e-05
7.6068e-05
6.84173e-05
6.09392e-05
5.36868e-05
4.65762e-05
3.96483e-05
3.28265e-05
2.61377e-05
1.95188e-05
1.29805e-05
6.47676e-06
0
6.30014e-06
1.28093e-05
1.89923e-05
2.57866e-05
3.19605e-05
3.91023e-05
4.53897e-05
5.29304e-05
5.9464e-05
6.7446e-05
7.43591e-05
8.28133e-05
9.02228e-05
9.91571e-05
0.000107133
0.000116503
0.000125019
0.000134669
0.000143526
0.000153141
0.000161979
0.000171207
0.000179788
0.000188659
0.000197244
0.000205447
0.000213412
0.000219634
0.000227356
0.000229217
0.000237397
0.00025661
0.00613927
0.00767166
0.00827512
0.00859109
0.00878033
0.008896
0.00895946
0.00897975
0.0089594
0.00889587
0.00878013
0.00859082
0.00827479
0.00767125
0.00613878
0.000256053
0.000236753
0.000228465
0.000226512
0.000218646
0.000212348
0.000204183
0.000195936
0.000187078
0.000178217
0.000169274
0.000160131
0.000150829
0.000141393
0.000131966
0.000122592
0.000113406
0.0001044
9.56687e-05
8.71579e-05
7.89359e-05
7.09241e-05
6.3176e-05
5.56054e-05
4.82546e-05
4.1041e-05
3.39953e-05
2.70456e-05
2.02089e-05
1.34286e-05
6.70499e-06
0
6.59908e-06
1.30359e-05
1.98857e-05
2.62655e-05
3.34399e-05
3.98847e-05
4.74458e-05
5.40924e-05
6.20946e-05
6.90885e-05
7.75799e-05
8.50637e-05
9.40809e-05
0.000102171
0.000111719
0.000120464
0.000130466
0.000139763
0.000149965
0.000159461
0.000169401
0.000178628
0.000188005
0.000197027
0.000206695
0.000214991
0.000224435
0.000229223
0.000254305
0.00608864
0.00796451
0.00945822
0.0130818
0.0149412
0.0159181
0.0164893
0.0168457
0.0170669
0.0171892
0.0172283
0.0171891
0.0170668
0.0168455
0.0164891
0.0159178
0.0149408
0.0130813
0.00945763
0.00796382
0.00608785
0.000253434
0.00022824
0.000223307
0.00021376
0.000205259
0.000195524
0.000186219
0.000176837
0.000167232
0.000157373
0.000147392
0.000137372
0.000127483
0.000117764
0.000108328
9.91457e-05
9.02875e-05
8.1683e-05
7.33846e-05
6.5306e-05
5.74889e-05
4.9846e-05
4.24095e-05
3.51002e-05
2.79389e-05
2.08599e-05
1.38698e-05
6.92011e-06
0
6.70359e-06
1.36146e-05
2.02123e-05
2.7416e-05
3.40271e-05
4.15961e-05
4.83578e-05
5.63567e-05
6.34207e-05
7.19104e-05
7.94364e-05
8.84747e-05
9.6615e-05
0.000106247
0.000115114
0.000125337
0.000134941
0.000145617
0.000155719
0.000166411
0.000176429
0.000186508
0.000195952
0.00020546
0.000216429
0.000224265
0.000290895
0.00626945
0.00875888
0.0128451
0.0153331
0.0174194
0.020152
0.022029
0.0232122
0.0239717
0.0244672
0.0247815
0.0249568
0.0250133
0.0249568
0.0247813
0.0244669
0.0239714
0.0232118
0.0220285
0.0201515
0.0174188
0.0153323
0.0128443
0.00875796
0.00626841
0.000289754
0.000222976
0.000215007
0.000203832
0.000194233
0.000184497
0.0001744
0.000163987
0.000153374
0.000142767
0.000132278
0.000122061
0.000112126
0.000102553
9.32831e-05
8.43678e-05
7.57232e-05
6.73874e-05
5.92703e-05
5.14028e-05
4.36994e-05
3.61827e-05
2.87787e-05
2.14986e-05
1.42841e-05
7.13129e-06
0
6.98361e-06
1.38124e-05
2.10483e-05
2.78374e-05
3.54086e-05
4.22926e-05
5.02727e-05
5.74048e-05
6.58642e-05
7.34132e-05
8.24244e-05
9.05662e-05
0.000100202
0.000109099
0.000119415
0.000129174
0.000140153
0.00015071
0.000162078
0.000172937
0.000183954
0.000194227
0.000204144
0.000213208
0.000253169
0.00606059
0.00865953
0.0130419
0.01621
0.0196707
0.022351
0.0246622
0.0270317
0.0288698
0.0301647
0.0310566
0.0316622
0.0320548
0.0322764
0.032348
0.0322763
0.0320547
0.031662
0.0310563
0.0301643
0.0288693
0.0270312
0.0246616
0.0223502
0.0196699
0.0162091
0.0130408
0.00865833
0.00605925
0.000251698
0.000211579
0.000202306
0.000192271
0.000181696
0.000170649
0.00015938
0.00014809
0.00013701
0.000126224
0.000115836
0.000105811
9.61969e-05
8.69144e-05
7.79961e-05
6.93504e-05
6.10037e-05
5.28652e-05
4.49568e-05
3.71968e-05
2.95989e-05
2.20958e-05
1.46892e-05
7.3286e-06
0
7.07353e-06
1.43503e-05
2.13309e-05
2.89048e-05
3.59224e-05
4.38757e-05
5.1081e-05
5.94917e-05
6.70561e-05
7.60055e-05
8.41179e-05
9.36962e-05
0.000102553
0.000112854
0.00012263
0.000133726
0.000144516
0.000156357
0.000167934
0.000179935
0.000191358
0.000202316
0.00021619
0.00546353
0.00809386
0.0125305
0.0159092
0.0197486
0.0230668
0.0262794
0.0290078
0.0313944
0.0336083
0.0354119
0.0367696
0.0377532
0.0384433
0.0388996
0.0391599
0.0392445
0.0391598
0.0388994
0.038443
0.0377529
0.0367692
0.0354114
0.0336077
0.0313937
0.029007
0.0262785
0.0230658
0.0197475
0.0159079
0.0125291
0.00809232
0.00546183
0.000214331
0.000200243
0.000189145
0.000177407
0.000165371
0.000153366
0.000141609
0.000130279
0.000119383
0.000108965
9.89542e-05
8.93741e-05
8.01326e-05
7.12483e-05
6.26258e-05
5.42824e-05
4.613e-05
3.81819e-05
3.03626e-05
2.26772e-05
1.50659e-05
7.52084e-06
0
7.33197e-06
1.45184e-05
2.21013e-05
2.92663e-05
3.71917e-05
4.44809e-05
5.2833e-05
6.04153e-05
6.92809e-05
7.73491e-05
8.68272e-05
9.55952e-05
0.000105803
0.000115492
0.000126554
0.00013736
0.000149381
0.00016139
0.000174186
0.000186749
0.000199162
0.000227076
0.00613939
0.0111396
0.0148073
0.0188797
0.0225052
0.0261471
0.0294701
0.0325678
0.0352951
0.0376981
0.0398403
0.0416224
0.0430178
0.044065
0.0448189
0.0453257
0.0456177
0.0457131
0.0456176
0.0453256
0.0448186
0.0440647
0.0430174
0.0416219
0.0398397
0.0376974
0.0352943
0.0325669
0.029469
0.0261459
0.0225039
0.0188783
0.0148057
0.0111379
0.00613746
0.000224964
0.000196826
0.000184258
0.000171368
0.000158534
0.000146083
0.000134153
0.000122794
0.00011194
0.000101598
9.16763e-05
8.21823e-05
7.30161e-05
6.41864e-05
5.55985e-05
4.72624e-05
3.90947e-05
3.11018e-05
2.32151e-05
1.54312e-05
7.69859e-06
0
7.40682e-06
1.50106e-05
2.23384e-05
3.02404e-05
3.7628e-05
4.59192e-05
5.35295e-05
6.23002e-05
7.03231e-05
7.96749e-05
8.83298e-05
9.83891e-05
0.000107923
0.000118845
0.000129511
0.000141468
0.000153514
0.000166711
0.000180122
0.000193853
0.00025151
0.00628766
0.0118897
0.0167911
0.0208867
0.0248943
0.0286045
0.0321673
0.0354628
0.0384973
0.0412078
0.0436054
0.0457111
0.0474815
0.0489014
0.0499934
0.0507948
0.0513411
0.0516585
0.0517625
0.0516584
0.0513409
0.0507946
0.049993
0.048901
0.047481
0.0457104
0.0436046
0.0412069
0.0384963
0.0354617
0.0321661
0.0286031
0.0248928
0.020885
0.0167892
0.0118877
0.00628548
0.000249121
0.000191228
0.000177333
0.000163583
0.000150353
0.000137852
0.000125999
0.000114767
0.000104059
9.38645e-05
8.40805e-05
7.47019e-05
6.56272e-05
5.68588e-05
4.83058e-05
3.99724e-05
3.1782e-05
2.37336e-05
1.5767e-05
7.87021e-06
0
7.64147e-06
1.51479e-05
2.30364e-05
3.05392e-05
3.87732e-05
4.64272e-05
5.51002e-05
6.30878e-05
7.2301e-05
8.08374e-05
9.07167e-05
0.000100056
0.000110768
0.0001212
0.000132951
0.000144774
0.000157837
0.000171541
0.000186192
0.000270444
0.00624021
0.0120075
0.0173936
0.0222336
0.0265056
0.0305228
0.0342655
0.0377921
0.0410583
0.0440524
0.0467428
0.0491281
0.0512131
0.0529776
0.0544144
0.0555382
0.0563752
0.0569518
0.0572891
0.0574001
0.0572891
0.0569516
0.0563749
0.0555379
0.054414
0.0529771
0.0512124
0.0491273
0.0467419
0.0440514
0.0410572
0.0377908
0.0342641
0.0305213
0.0265039
0.0222317
0.0173915
0.0120053
0.00623775
0.000267754
0.000183256
0.000168438
0.000154385
0.000141302
0.000129012
0.000117381
0.000106371
9.58754e-05
8.58705e-05
7.62469e-05
6.69937e-05
5.80122e-05
4.93006e-05
4.07747e-05
3.24331e-05
2.42074e-05
1.60893e-05
8.02692e-06
0
7.70075e-06
1.55905e-05
2.32261e-05
3.14118e-05
3.9128e-05
4.77074e-05
5.56768e-05
6.47499e-05
7.31776e-05
8.28641e-05
9.19977e-05
0.00010246
0.000112601
0.000124065
0.000135555
0.000148278
0.00016149
0.000176299
0.000231315
0.00604996
0.0118068
0.0173687
0.0225973
0.0273844
0.0317235
0.0357578
0.0395133
0.0430197
0.0462615
0.049227
0.0518982
0.0542703
0.056342
0.0581037
0.0595527
0.0606995
0.0615628
0.0621626
0.0625155
0.0626319
0.0625154
0.0621624
0.0615625
0.0606991
0.0595523
0.0581032
0.0563414
0.0542695
0.0518973
0.049226
0.0462604
0.0430184
0.0395118
0.0357562
0.0317217
0.0273824
0.0225952
0.0173664
0.0118043
0.00604719
0.000228302
0.000173031
0.000158063
0.000144492
0.000131772
0.000119802
0.000108474
9.77445e-05
8.74949e-05
7.76939e-05
6.82334e-05
5.91005e-05
5.02032e-05
4.15362e-05
3.30237e-05
2.46588e-05
1.63815e-05
8.17653e-06
0
7.90995e-06
1.56959e-05
2.38467e-05
3.16453e-05
4.01402e-05
4.81129e-05
5.70518e-05
6.53906e-05
7.48857e-05
8.38237e-05
9.40235e-05
0.000103852
0.000114976
0.000126065
0.000138409
0.000151119
0.000164874
0.000194535
0.00571051
0.0113579
0.0169492
0.022355
0.0274648
0.0322019
0.0365585
0.0406017
0.0443601
0.0478526
0.0510749
0.0540187
0.0566731
0.0590329
0.0610954
0.0628556
0.0643135
0.065477
0.0663599
0.0669773
0.0673421
0.0674627
0.067342
0.0669771
0.0663596
0.0654766
0.064313
0.0628551
0.0610947
0.0590321
0.0566722
0.0540176
0.0510737
0.0478513
0.0443586
0.0406001
0.0365567
0.0321999
0.0274627
0.0223527
0.0169467
0.0113551
0.00570742
0.000191181
0.000161259
0.000147369
0.000134287
0.000121975
0.000110392
9.94174e-05
8.8991e-05
7.89914e-05
6.93875e-05
6.00782e-05
5.10505e-05
4.22209e-05
3.35814e-05
2.50646e-05
1.66584e-05
8.31103e-06
0
7.95315e-06
1.60861e-05
2.39872e-05
3.24107e-05
4.04101e-05
4.92258e-05
5.75015e-05
6.68154e-05
7.55824e-05
8.55261e-05
9.50531e-05
0.000105819
0.000116463
0.000128362
0.000140582
0.000153941
0.000171044
0.00520347
0.0106502
0.0161929
0.0216648
0.0269539
0.0319726
0.0366632
0.0410145
0.0450572
0.0488126
0.0522935
0.0554999
0.0584266
0.0610667
0.0634158
0.0654713
0.0672307
0.068695
0.0698708
0.0707682
0.0713989
0.0717728
0.0718967
0.0717727
0.0713987
0.0707679
0.0698704
0.0686946
0.0672301
0.0654705
0.063415
0.0610657
0.0584255
0.0554987
0.0522922
0.0488111
0.0450556
0.0410127
0.0366612
0.0319704
0.0269515
0.0216621
0.01619
0.0106471
0.00520004
0.00016734
0.000149971
0.000136516
0.000123911
0.000112075
0.000100923
9.03105e-05
8.01777e-05
7.04107e-05
6.09833e-05
5.18039e-05
4.28602e-05
3.40779e-05
2.54457e-05
1.6905e-05
8.43767e-06
0
8.13584e-06
1.61587e-05
2.45272e-05
3.25767e-05
4.12837e-05
4.95243e-05
5.86723e-05
6.73005e-05
7.70062e-05
8.62643e-05
9.66895e-05
0.000106894
0.000118303
0.000129926
0.000142776
0.000156243
0.00429787
0.00957351
0.0150634
0.0205604
0.0259529
0.0311569
0.0361055
0.0407544
0.0450904
0.049126
0.0528746
0.0563448
0.0595377
0.0624505
0.0650785
0.0674185
0.0694684
0.0712271
0.0726962
0.0738809
0.0747891
0.0754298
0.0758106
0.075937
0.0758105
0.0754296
0.0747888
0.0738805
0.0726957
0.0712265
0.0694677
0.0674177
0.0650775
0.0624493
0.0595365
0.0563434
0.0528731
0.0491243
0.0450885
0.0407524
0.0361033
0.0311545
0.0259502
0.0205574
0.0150602
0.00957002
0.0042941
0.000152197
0.000138459
0.000125562
0.000113537
0.000102216
9.1486e-05
8.12099e-05
7.13402e-05
6.17765e-05
5.24976e-05
4.34226e-05
3.45389e-05
2.57814e-05
1.7135e-05
8.54923e-06
0
8.16252e-06
1.6495e-05
2.46173e-05
3.32321e-05
4.14659e-05
5.04657e-05
5.89901e-05
6.8481e-05
7.75128e-05
8.7629e-05
9.74443e-05
0.00010839
0.000119377
0.000131564
0.000144462
0.000170288
0.00753298
0.0133753
0.0189817
0.0244728
0.0298162
0.0349594
0.0398542
0.0444668
0.0487838
0.0528085
0.0565482
0.0600081
0.0631894
0.0660905
0.0687084
0.0710407
0.073086
0.074844
0.0763165
0.0775077
0.0784239
0.079072
0.0794581
0.0795862
0.079458
0.0790718
0.0784236
0.0775073
0.0763159
0.0748434
0.0730853
0.0710399
0.0687074
0.0660893
0.0631882
0.0600067
0.0565466
0.0528068
0.0487819
0.0444647
0.0398519
0.0349569
0.0298134
0.0244698
0.0189785
0.0133718
0.00752913
0.000166095
0.000140099
0.000126919
0.000114734
0.000103322
9.24799e-05
8.21229e-05
7.21387e-05
6.24928e-05
5.3098e-05
4.3937e-05
3.49393e-05
2.60907e-05
1.7335e-05
8.65239e-06
0
8.31825e-06
1.6534e-05
2.50753e-05
3.33289e-05
4.21993e-05
5.06546e-05
5.99547e-05
6.88056e-05
7.86488e-05
8.81353e-05
9.86807e-05
0.000109116
0.000120622
0.000132558
0.000145397
0.00438312
0.0108088
0.0167673
0.0224485
0.0279458
0.0332591
0.0383592
0.0432129
0.0477949
0.0520926
0.0561047
0.0598344
0.0632844
0.0664556
0.0693468
0.0719561
0.074282
0.0763234
0.0780806
0.0795554
0.0807514
0.0816735
0.0823271
0.0827171
0.0828467
0.082717
0.0823269
0.0816731
0.080751
0.0795549
0.07808
0.0763227
0.0742811
0.0719551
0.0693456
0.0664543
0.063283
0.0598328
0.056103
0.0520906
0.0477928
0.0432106
0.0383567
0.0332563
0.0279427
0.0224452
0.0167637
0.0108049
0.00437888
0.000140861
0.000127917
0.000115675
0.00010421
9.33235e-05
8.28835e-05
7.28402e-05
6.30996e-05
5.36366e-05
4.4376e-05
3.53026e-05
2.63554e-05
1.75176e-05
8.74074e-06
0
8.32807e-06
1.68162e-05
2.5114e-05
3.38742e-05
4.22925e-05
5.14252e-05
6.01389e-05
6.97439e-05
7.89618e-05
8.91647e-05
9.91539e-05
0.000110137
0.000121217
0.000133527
0.000153254
0.00733412
0.0137557
0.0197643
0.0254882
0.0309923
0.0362867
0.0413562
0.0461786
0.0507351
0.0550148
0.0590143
0.0627338
0.0661746
0.0693368
0.0722196
0.0748217
0.0771421
0.0791803
0.0809367
0.082413
0.0836124
0.0845387
0.0851965
0.0855894
0.08572
0.0855893
0.0851963
0.0845384
0.0836119
0.0824125
0.080936
0.0791795
0.0771412
0.0748207
0.0722184
0.0693355
0.0661732
0.0627322
0.0590125
0.0550129
0.050733
0.0461762
0.0413536
0.0362839
0.0309892
0.0254849
0.0197606
0.0137517
0.00732984
0.000148595
0.000128677
0.00011633
0.000104911
9.39924e-05
8.35244e-05
7.34151e-05
6.36287e-05
5.40853e-05
4.47663e-05
3.56072e-05
2.6593e-05
1.76709e-05
8.82038e-06
0
8.45694e-06
1.6821e-05
2.54908e-05
3.39011e-05
4.28879e-05
5.15041e-05
6.09022e-05
6.99084e-05
7.98184e-05
8.94396e-05
0.000100008
0.000110532
0.000121791
0.000132227
0.00376008
0.0100585
0.0163549
0.0223692
0.0281137
0.0336219
0.0389035
0.0439509
0.0487495
0.0532853
0.0575492
0.0615367
0.0652467
0.068679
0.0718334
0.0747091
0.0773052
0.079621
0.0816564
0.0834119
0.0848892
0.086091
0.0870205
0.0876813
0.0880763
0.0882077
0.0880762
0.087681
0.0870202
0.0860906
0.0848887
0.0834112
0.0816556
0.0796201
0.0773041
0.0747079
0.071832
0.0686775
0.065245
0.0615349
0.0575472
0.0532832
0.0487471
0.0439483
0.0389007
0.0336188
0.0281103
0.0223655
0.0163509
0.0100542
0.00375541
0.000127307
0.000116669
0.000105423
9.4519e-05
8.40216e-05
7.38953e-05
6.40541e-05
5.44727e-05
4.50844e-05
3.58745e-05
2.67876e-05
1.78065e-05
8.88569e-06
0
8.4496e-06
1.70497e-05
2.54774e-05
3.43386e-05
4.28919e-05
5.21096e-05
6.09546e-05
7.0616e-05
7.99419e-05
9.01509e-05
0.000100214
0.000111189
0.000122321
0.00013312
0.00593553
0.0122906
0.0185607
0.024577
0.0303312
0.0358407
0.0411131
0.0461444
0.0509249
0.0554443
0.0596947
0.0636716
0.067373
0.0707979
0.0739456
0.0768153
0.0794064
0.0817185
0.0837515
0.0855062
0.0869842
0.0881876
0.0891194
0.0897823
0.0901789
0.0903109
0.0901788
0.0897821
0.0891191
0.0881872
0.0869836
0.0855056
0.0837507
0.0817176
0.0794054
0.0768141
0.0739442
0.0707964
0.0673713
0.0636698
0.0596926
0.0554421
0.0509225
0.0461418
0.0411102
0.0358375
0.0303278
0.0245733
0.0185567
0.0122862
0.00593081
0.000128057
0.000117214
0.000105825
9.48888e-05
8.44046e-05
7.42583e-05
6.44054e-05
5.4776e-05
4.53548e-05
3.60859e-05
2.69551e-05
1.79141e-05
8.94218e-06
0
8.55215e-06
1.70198e-05
2.57751e-05
3.42951e-05
4.33543e-05
5.20801e-05
6.15283e-05
7.06266e-05
8.05392e-05
9.01998e-05
0.000100704
0.000111335
0.000123238
0.000136118
0.0074235
0.0140596
0.0203634
0.0263852
0.0321437
0.0376527
0.0429181
0.0479376
0.0527046
0.0572111
0.0614506
0.0654187
0.0691128
0.0725314
0.0756735
0.0785385
0.0811256
0.0834346
0.0854657
0.0872197
0.088698
0.0899026
0.0908359
0.0915004
0.0918981
0.0920304
0.091898
0.0915001
0.0908356
0.0899021
0.0886974
0.087219
0.0854649
0.0834337
0.0811245
0.0785373
0.0756722
0.0725299
0.0691111
0.0654169
0.0614486
0.0572089
0.0527022
0.047935
0.0429152
0.0376495
0.0321402
0.0263815
0.0203593
0.0140552
0.00741874
0.000130955
0.000117958
0.000106059
9.51124e-05
8.46544e-05
7.45339e-05
6.46623e-05
5.50214e-05
4.55578e-05
3.62608e-05
2.70816e-05
1.80038e-05
8.9849e-06
0
8.52736e-06
1.71967e-05
2.5709e-05
3.4629e-05
4.32697e-05
5.25303e-05
6.14541e-05
7.11245e-05
8.04868e-05
9.06168e-05
0.000100598
0.000111435
0.000123593
0.000145876
0.00864688
0.0154526
0.0217729
0.0277946
0.0335531
0.0390604
0.0443204
0.0493315
0.0540886
0.0585855
0.0628167
0.0667777
0.070466
0.0738796
0.0770174
0.0798786
0.0824626
0.0847693
0.0867989
0.0885523
0.0900307
0.0912361
0.0921705
0.092836
0.0932345
0.0933671
0.0932344
0.0928358
0.0921701
0.0912356
0.0900301
0.0885516
0.0867981
0.0847684
0.0824616
0.0798774
0.0770161
0.0738781
0.0704643
0.0667759
0.0628146
0.0585833
0.0540861
0.0493288
0.0443174
0.0390572
0.0335497
0.0277908
0.0217689
0.0154481
0.00864209
0.000140608
0.000118311
0.000105967
9.51532e-05
8.4799e-05
7.47077e-05
6.48529e-05
5.51903e-05
4.57154e-05
3.63831e-05
2.71814e-05
1.80668e-05
9.01883e-06
0
8.60442e-06
1.71315e-05
2.59305e-05
3.45147e-05
4.36064e-05
5.23948e-05
6.1855e-05
7.09944e-05
8.08628e-05
9.0465e-05
0.000100696
0.000110719
0.000120648
0.00330045
0.0099724
0.0165234
0.0227954
0.0288051
0.0345603
0.0400652
0.0453212
0.0503265
0.055077
0.0595673
0.0637925
0.0677485
0.0714325
0.0748425
0.0779772
0.0808357
0.0834176
0.0857226
0.0877511
0.089504
0.0909825
0.0921884
0.0931234
0.0937897
0.0941887
0.0943215
0.0941886
0.0937895
0.0931231
0.0921879
0.090982
0.0895033
0.0877503
0.0857217
0.0834165
0.0808345
0.0779759
0.074841
0.0714308
0.0677467
0.0637904
0.0595651
0.0550745
0.0503239
0.0453183
0.040062
0.0345568
0.0288013
0.0227913
0.0165189
0.00996761
0.00329529
0.000115259
0.00010533
9.50425e-05
8.48392e-05
7.48117e-05
6.49623e-05
5.53066e-05
4.58107e-05
3.647e-05
2.72423e-05
1.81121e-05
9.03955e-06
0
8.56179e-06
1.72585e-05
2.5811e-05
3.47499e-05
4.34334e-05
5.2701e-05
6.16609e-05
7.1312e-05
8.0669e-05
9.06772e-05
0.000100401
0.000110346
0.000119336
0.0047351
0.0108473
0.0171996
0.0234182
0.0294137
0.035165
0.0406679
0.0459214
0.0509234
0.0556699
0.0601563
0.064378
0.068331
0.0720124
0.0754202
0.078553
0.08141
0.0839905
0.0862945
0.0883224
0.090075
0.0915535
0.0927596
0.0936951
0.0943617
0.094761
0.0948939
0.0947609
0.0943615
0.0936947
0.0927592
0.0915529
0.0900743
0.0883216
0.0862936
0.0839894
0.0814087
0.0785517
0.0754187
0.0720107
0.0683291
0.0643759
0.0601541
0.0556674
0.0509207
0.0459185
0.0406647
0.0351615
0.0294099
0.0234141
0.0171951
0.0108425
0.00472997
0.000113947
0.000104826
9.48932e-05
8.48287e-05
7.48409e-05
6.50166e-05
5.53542e-05
4.5863e-05
3.65073e-05
2.72769e-05
1.81317e-05
9.05148e-06
0
8.61425e-06
1.71571e-05
2.59593e-05
3.45638e-05
4.36514e-05
5.24609e-05
6.19061e-05
7.10567e-05
8.08811e-05
9.0434e-05
0.000100465
0.000110028
0.000118966
0.00515073
0.0111448
0.0174302
0.0236275
0.029617
0.0353666
0.0408687
0.0461214
0.0511222
0.0558674
0.0603526
0.064573
0.068525
0.0722056
0.0756127
0.0787449
0.0816012
0.0841813
0.086485
0.0885127
0.0902652
0.0917437
0.0929499
0.0938855
0.0945522
0.0949516
0.0950846
0.0949515
0.094552
0.0938852
0.0929494
0.0917432
0.0902645
0.0885119
0.0864841
0.0841803
0.0816
0.0787435
0.0756112
0.0722039
0.0685232
0.064571
0.0603503
0.055865
0.0511195
0.0461184
0.0408655
0.0353631
0.0296132
0.0236234
0.0174258
0.0111401
0.00514561
0.000113543
0.000104602
9.47983e-05
8.47811e-05
7.48241e-05
6.5002e-05
5.53535e-05
4.58569e-05
3.65099e-05
2.72741e-05
1.81338e-05
9.05064e-06
0
8.55321e-06
1.72359e-05
2.57848e-05
3.47045e-05
4.33883e-05
5.26322e-05
6.15943e-05
7.12184e-05
8.05769e-05
9.05563e-05
0.000100276
0.000110192
0.000119167
0.00473491
0.0108471
0.0171993
0.023418
0.0294135
0.0351648
0.0406677
0.0459212
0.0509231
0.0556696
0.060156
0.0643777
0.0683307
0.0720121
0.0754199
0.0785527
0.0814096
0.0839901
0.0862942
0.0883221
0.0900746
0.0915532
0.0927593
0.0936947
0.0943614
0.0947606
0.0948936
0.0947605
0.0943611
0.0936944
0.0927588
0.0915526
0.090074
0.0883213
0.0862932
0.0839891
0.0814084
0.0785514
0.0754184
0.0720104
0.0683288
0.0643756
0.0601538
0.0556672
0.0509204
0.0459182
0.0406645
0.0351613
0.0294097
0.0234139
0.0171949
0.0108423
0.00472979
0.000113785
0.000104685
9.47708e-05
8.4722e-05
7.47491e-05
6.49377e-05
5.52884e-05
4.58086e-05
3.64646e-05
2.7245e-05
1.81107e-05
9.04093e-06
0
8.58191e-06
1.70971e-05
2.58627e-05
3.4444e-05
4.34925e-05
5.22841e-05
6.16932e-05
7.08373e-05
8.06495e-05
9.02512e-05
0.000100424
0.000110431
0.000120304
0.00330007
0.00997199
0.0165229
0.022795
0.0288046
0.0345598
0.0400647
0.0453207
0.050326
0.0550764
0.0595667
0.0637919
0.0677479
0.0714319
0.0748419
0.0779766
0.0808351
0.0834169
0.0857219
0.0877505
0.0895033
0.0909818
0.0921877
0.0931228
0.093789
0.094188
0.0943208
0.0941879
0.0937888
0.0931224
0.0921872
0.0909813
0.0895027
0.0877497
0.085721
0.0834159
0.0808339
0.0779752
0.0748404
0.0714302
0.0677461
0.0637899
0.0595645
0.055074
0.0503233
0.0453178
0.0400615
0.0345564
0.0288008
0.0227909
0.0165185
0.00996722
0.00329492
0.000114936
0.00010505
9.47977e-05
8.46272e-05
7.46277e-05
6.48059e-05
5.51742e-05
4.57028e-05
3.63841e-05
2.7179e-05
1.80698e-05
9.01866e-06
0
8.50174e-06
1.71292e-05
2.56308e-05
3.44933e-05
4.3135e-05
5.23245e-05
6.12554e-05
7.08448e-05
8.02123e-05
9.0256e-05
0.000100228
0.000110978
0.000123093
0.000145287
0.00864627
0.0154519
0.0217723
0.0277939
0.0335524
0.0390596
0.0443196
0.0493306
0.0540878
0.0585847
0.0628158
0.0667768
0.070465
0.0738786
0.0770165
0.0798776
0.0824616
0.0847683
0.0867979
0.0885512
0.0900297
0.091235
0.0921694
0.092835
0.0932334
0.0933661
0.0932333
0.0928347
0.0921691
0.0912346
0.0900291
0.0885506
0.0867971
0.0847674
0.0824606
0.0798764
0.0770151
0.0738772
0.0704634
0.066775
0.0628137
0.0585825
0.0540853
0.049328
0.0443167
0.0390565
0.0335489
0.0277901
0.0217682
0.0154475
0.00864151
0.000140049
0.00011783
0.000105548
9.47889e-05
8.44809e-05
7.44341e-05
6.46176e-05
5.49936e-05
4.55528e-05
3.62555e-05
2.70859e-05
1.8004e-05
8.98728e-06
0
8.50733e-06
1.69513e-05
2.56402e-05
3.41545e-05
4.31277e-05
5.18602e-05
6.12066e-05
7.03152e-05
8.01157e-05
8.97775e-05
0.000100165
0.000110769
0.000122558
0.00013535
0.00742269
0.0140587
0.0203625
0.0263843
0.0321427
0.0376517
0.042917
0.0479366
0.0527035
0.05721
0.0614494
0.0654175
0.0691115
0.0725301
0.0756723
0.0785372
0.0811243
0.0834333
0.0854643
0.0872183
0.0886966
0.0899012
0.0908345
0.091499
0.0918967
0.092029
0.0918966
0.0914987
0.0908342
0.0899007
0.088696
0.0872176
0.0854636
0.0834324
0.0811232
0.078536
0.0756709
0.0725286
0.0691099
0.0654157
0.0614474
0.0572078
0.0527011
0.0479339
0.0429141
0.0376485
0.0321393
0.0263806
0.0203584
0.0140544
0.00741796
0.000130224
0.000117324
0.000105507
9.46284e-05
8.42346e-05
7.4169e-05
6.43518e-05
5.47584e-05
4.53435e-05
3.609e-05
2.69557e-05
1.79197e-05
8.94334e-06
0
8.40719e-06
1.69379e-05
2.53481e-05
3.41138e-05
4.26692e-05
5.1769e-05
6.06269e-05
7.01538e-05
7.94907e-05
8.95561e-05
9.96097e-05
0.000110441
0.000121514
0.000132178
0.00593452
0.0122895
0.0185596
0.0245758
0.0303299
0.0358394
0.0411118
0.0461431
0.0509235
0.0554428
0.0596932
0.0636701
0.0673715
0.0707963
0.073944
0.0768137
0.0794048
0.0817168
0.0837498
0.0855045
0.0869825
0.0881859
0.0891176
0.0897806
0.0901771
0.0903091
0.090177
0.0897803
0.0891173
0.0881855
0.0869819
0.0855039
0.083749
0.0817159
0.0794038
0.0768125
0.0739426
0.0707948
0.0673698
0.0636683
0.0596912
0.0554406
0.0509211
0.0461404
0.0411089
0.0358363
0.0303266
0.0245721
0.0185556
0.0122852
0.00592985
0.000127162
0.000116434
0.00010514
9.42912e-05
8.38813e-05
7.38074e-05
6.40171e-05
5.44512e-05
4.50861e-05
3.5875e-05
2.6797e-05
1.78102e-05
8.88997e-06
0
8.39021e-06
1.6719e-05
2.529e-05
3.36923e-05
4.25507e-05
5.11781e-05
6.04241e-05
6.94482e-05
7.91903e-05
8.88185e-05
9.92131e-05
0.000109708
0.000120798
0.00013113
0.00375887
0.0100572
0.0163535
0.0223678
0.0281123
0.0336204
0.038902
0.0439493
0.0487478
0.0532836
0.0575474
0.0615349
0.0652448
0.0686771
0.0718314
0.0747071
0.0773032
0.079619
0.0816543
0.0834098
0.0848872
0.0860889
0.0870184
0.0876792
0.0880742
0.0882056
0.0880741
0.0876789
0.0870181
0.0860885
0.0848866
0.0834092
0.0816536
0.0796181
0.0773022
0.074706
0.0718301
0.0686757
0.0652432
0.0615331
0.0575454
0.0532815
0.0487455
0.0439467
0.0388991
0.0336173
0.0281089
0.0223641
0.0163496
0.010053
0.00375425
0.000126255
0.000115745
0.000104613
9.38065e-05
8.34019e-05
7.33553e-05
6.35941e-05
5.40826e-05
4.47662e-05
3.56207e-05
2.66004e-05
1.76814e-05
8.82389e-06
0
8.26929e-06
1.6661e-05
2.49349e-05
3.35625e-05
4.19846e-05
5.09532e-05
5.9687e-05
6.91046e-05
7.83423e-05
8.83447e-05
9.83304e-05
0.000109111
0.000120133
0.000132252
0.000151823
0.00733262
0.0137541
0.0197626
0.0254865
0.0309905
0.0362849
0.0413543
0.0461766
0.0507331
0.0550128
0.0590122
0.0627317
0.0661724
0.0693345
0.0722173
0.0748194
0.0771398
0.0791779
0.0809343
0.0824106
0.0836099
0.0845363
0.085194
0.0855869
0.0857175
0.0855868
0.0851938
0.084536
0.0836095
0.0824101
0.0809336
0.0791772
0.0771389
0.0748184
0.0722162
0.0693333
0.066171
0.0627301
0.0590104
0.0550108
0.050731
0.0461743
0.0413517
0.0362821
0.0309875
0.0254832
0.019759
0.0137502
0.00732839
0.000147225
0.000127474
0.000115272
0.000103976
9.31737e-05
8.2805e-05
7.2794e-05
6.30928e-05
5.36365e-05
4.43945e-05
3.53153e-05
2.6374e-05
1.7527e-05
8.74803e-06
0
8.23019e-06
1.63997e-05
2.48104e-05
3.30542e-05
4.17549e-05
5.02267e-05
5.93253e-05
6.82036e-05
7.7824e-05
8.73278e-05
9.76416e-05
0.000108056
0.000119335
0.000131174
0.000143804
0.0043814
0.010807
0.0167654
0.0224465
0.0279437
0.033257
0.038357
0.0432107
0.0477926
0.0520902
0.0561023
0.0598319
0.0632819
0.066453
0.0693442
0.0719535
0.0742793
0.0763207
0.0780779
0.0795527
0.0807486
0.0816707
0.0823243
0.0827143
0.0828438
0.0827142
0.0823241
0.0816704
0.0807482
0.0795521
0.0780773
0.07632
0.0742785
0.0719525
0.0693431
0.0664518
0.0632805
0.0598304
0.0561006
0.0520883
0.0477905
0.0432084
0.0383545
0.0332543
0.0279407
0.0224433
0.0167618
0.0108031
0.00437723
0.00013934
0.000126574
0.000114484
0.000103161
9.23957e-05
8.20742e-05
7.2133e-05
6.24962e-05
5.3124e-05
4.39575e-05
3.49685e-05
2.61089e-05
1.73527e-05
8.6593e-06
0
8.08792e-06
1.62979e-05
2.43902e-05
3.28362e-05
4.10762e-05
4.9867e-05
5.842e-05
6.76715e-05
7.6735e-05
8.65943e-05
9.64188e-05
0.000107104
0.000118046
0.000129985
0.00014274
0.000168337
0.00753095
0.0133732
0.0189795
0.0244705
0.0298138
0.0349569
0.0398517
0.0444642
0.0487811
0.0528058
0.0565454
0.0600052
0.0631865
0.0660875
0.0687054
0.0710377
0.073083
0.0748409
0.0763133
0.0775045
0.0784207
0.0790688
0.0794549
0.0795831
0.0794548
0.0790686
0.0784204
0.0775041
0.0763128
0.0748403
0.0730822
0.0710368
0.0687044
0.0660864
0.0631853
0.0600039
0.0565439
0.0528041
0.0487793
0.0444622
0.0398494
0.0349544
0.0298111
0.0244676
0.0189763
0.0133697
0.00752717
0.000164219
0.000138435
0.000125439
0.000113423
0.000102156
9.14544e-05
8.12184e-05
7.1356e-05
6.18159e-05
5.25305e-05
4.34663e-05
3.45694e-05
2.5813e-05
1.71524e-05
8.56056e-06
0
8.02719e-06
1.59933e-05
2.42004e-05
3.22387e-05
4.0736e-05
4.89992e-05
5.78978e-05
6.65648e-05
7.5994e-05
8.52839e-05
9.54202e-05
0.00010562
0.000116744
0.00012829
0.000140875
0.000154156
0.00429563
0.00957114
0.015061
0.0205578
0.0259502
0.0311542
0.0361027
0.0407515
0.0450874
0.049123
0.0528715
0.0563417
0.0595345
0.0624472
0.0650752
0.0674152
0.069465
0.0712237
0.0726928
0.0738774
0.0747856
0.0754263
0.0758071
0.0759334
0.075807
0.0754261
0.0747853
0.073877
0.0726923
0.0712231
0.0694643
0.0674143
0.0650742
0.0624461
0.0595333
0.0563403
0.05287
0.0491213
0.0450855
0.0407495
0.0361005
0.0311518
0.0259476
0.0205549
0.0150578
0.00956773
0.00429193
0.000150182
0.000136658
0.000123957
0.000112103
0.000100946
9.03574e-05
8.02225e-05
7.0475e-05
6.1037e-05
5.18682e-05
4.29082e-05
3.41278e-05
2.54779e-05
1.69319e-05
8.44889e-06
0
7.86332e-06
1.58487e-05
2.37141e-05
3.19341e-05
3.99423e-05
4.85058e-05
5.68195e-05
6.58439e-05
7.46569e-05
8.42887e-05
9.38429e-05
0.000104292
0.000114911
0.000126504
0.000138614
0.000151693
0.000168573
0.00520085
0.0106475
0.01619
0.0216618
0.0269509
0.0319695
0.03666
0.0410112
0.0450539
0.0488092
0.0522901
0.0554963
0.0584229
0.061063
0.0634121
0.0654675
0.0672269
0.0686912
0.0698669
0.0707643
0.071395
0.0717689
0.0718928
0.0717688
0.0713948
0.070764
0.0698665
0.0686907
0.0672263
0.0654668
0.0634113
0.0610621
0.0584219
0.0554951
0.0522887
0.0488077
0.0450523
0.0410094
0.0366581
0.0319673
0.0269485
0.0216592
0.0161872
0.0106444
0.00519751
0.000164951
0.000147822
0.00013459
0.000122182
0.000110533
9.95436e-05
8.90929e-05
7.90998e-05
6.94759e-05
6.01729e-05
5.11236e-05
4.22951e-05
3.36335e-05
2.51118e-05
1.66854e-05
8.32718e-06
0
7.78158e-06
1.55006e-05
2.34607e-05
3.12469e-05
3.94939e-05
4.74956e-05
5.61393e-05
6.45297e-05
7.36963e-05
8.26838e-05
9.25387e-05
0.000102385
0.000113166
0.000124208
0.000136228
0.000148795
0.000162259
0.000191669
0.00570751
0.0113548
0.016946
0.0223517
0.0274614
0.0321984
0.0365549
0.040598
0.0443563
0.0478488
0.051071
0.0540147
0.0566691
0.0590289
0.0610913
0.0628515
0.0643093
0.0654728
0.0663556
0.066973
0.0673379
0.0674585
0.0673378
0.0669729
0.0663554
0.0654724
0.0643089
0.0628509
0.0610906
0.0590281
0.0566682
0.0540137
0.0510698
0.0478475
0.0443549
0.0405965
0.0365532
0.0321965
0.0274593
0.0223494
0.0169435
0.0113521
0.0057045
0.000188401
0.000158742
0.000145096
0.000132236
0.000120135
0.000108737
9.79445e-05
8.76764e-05
7.7838e-05
6.83738e-05
5.92102e-05
5.03104e-05
4.16154e-05
3.3097e-05
2.47068e-05
1.64188e-05
8.19264e-06
0
7.59635e-06
1.53146e-05
2.29089e-05
3.08582e-05
3.85861e-05
4.68722e-05
5.48896e-05
6.36253e-05
7.2115e-05
8.14364e-05
9.06188e-05
0.000100707
0.000110853
0.000121951
0.000133371
0.000145754
0.000158794
0.000173301
0.000228047
0.00604657
0.0118033
0.0173651
0.0225936
0.0273806
0.0317196
0.0357538
0.0395092
0.0430155
0.0462573
0.0492227
0.0518939
0.0542659
0.0563376
0.0580992
0.0595482
0.0606949
0.0615582
0.062158
0.0625108
0.0626272
0.0625108
0.0621578
0.0615579
0.0606946
0.0595477
0.0580987
0.0563369
0.0542651
0.051893
0.0492217
0.0462562
0.0430143
0.0395078
0.0357523
0.0317179
0.0273787
0.0225915
0.0173629
0.0118009
0.00604389
0.000225122
0.00017013
0.000155427
0.000142098
0.00012961
0.000117847
0.000106722
9.61696e-05
8.60997e-05
7.64545e-05
6.71562e-05
5.81646e-05
4.94163e-05
4.08817e-05
3.25085e-05
2.42714e-05
1.61266e-05
8.04825e-06
0
7.49437e-06
1.4924e-05
2.25943e-05
3.00833e-05
3.80335e-05
4.57228e-05
5.40573e-05
6.21096e-05
7.09451e-05
7.95504e-05
8.9031e-05
9.84143e-05
0.000108726
0.000119147
0.000130515
0.000142243
0.000154955
0.000168464
0.000182801
0.000266773
0.00623643
0.0120036
0.0173896
0.0222295
0.0265014
0.0305185
0.0342611
0.0377876
0.0410537
0.0440478
0.0467381
0.0491233
0.0512082
0.0529728
0.0544095
0.0555333
0.0563702
0.0569468
0.0572841
0.0573951
0.057284
0.0569466
0.0563699
0.0555329
0.0544091
0.0529722
0.0512076
0.0491226
0.0467372
0.0440468
0.0410526
0.0377864
0.0342598
0.030517
0.0264997
0.0222277
0.0173876
0.0120015
0.00623405
0.000264172
0.000179963
0.000165425
0.000151632
0.000138801
0.000126736
0.000115327
0.000104513
9.42163e-05
8.43837e-05
7.49391e-05
6.58411e-05
5.70238e-05
4.84563e-05
4.00832e-05
3.18793e-05
2.3798e-05
1.5815e-05
7.89136e-06
0
7.28848e-06
1.46983e-05
2.19793e-05
2.96141e-05
3.70157e-05
4.49754e-05
5.26432e-05
6.10317e-05
6.91329e-05
7.80695e-05
8.67962e-05
9.6427e-05
0.000105996
0.000116496
0.000127134
0.000138692
0.000150624
0.000163458
0.00017666
0.000190068
0.000247437
0.00628349
0.0118854
0.0167867
0.0208822
0.0248897
0.0285998
0.0321625
0.0354579
0.0384923
0.0412027
0.0436003
0.0457059
0.0474763
0.0488961
0.049988
0.0507895
0.0513357
0.0516531
0.0517571
0.051653
0.0513356
0.0507892
0.0499877
0.0488957
0.0474758
0.0457053
0.0435996
0.0412019
0.0384914
0.0354568
0.0321613
0.0285985
0.0248883
0.0208806
0.0167849
0.0118835
0.00628138
0.000245135
0.00018754
0.000173937
0.00016046
0.000147497
0.000135239
0.000123626
0.000112607
0.000102115
9.21094e-05
8.25213e-05
7.33124e-05
6.44171e-05
5.58052e-05
4.74188e-05
3.92335e-05
3.12e-05
2.32956e-05
1.54787e-05
7.72506e-06
0
7.16719e-06
1.42672e-05
2.16063e-05
2.87556e-05
3.63641e-05
4.36941e-05
5.16679e-05
5.93272e-05
6.77695e-05
7.59258e-05
8.4955e-05
9.37938e-05
0.000103547
0.000113261
0.000123884
0.000134644
0.000146254
0.000158132
0.000170557
0.000182899
0.000194984
0.000222607
0.00613482
0.0111349
0.0148025
0.0188748
0.0225001
0.0261419
0.0294648
0.0325625
0.0352897
0.0376927
0.0398347
0.0416168
0.0430122
0.0440594
0.0448132
0.04532
0.045612
0.0457073
0.0456119
0.0453198
0.0448129
0.044059
0.0430117
0.0416163
0.0398342
0.037692
0.035289
0.0325616
0.0294638
0.0261408
0.0224988
0.0188734
0.014801
0.0111332
0.00613296
0.00022058
0.000192744
0.000180474
0.000167867
0.000155312
0.000143118
0.000131444
0.000120314
0.000109693
9.9555e-05
8.9846e-05
8.05363e-05
7.15648e-05
6.29043e-05
5.44971e-05
4.63201e-05
3.83222e-05
3.04824e-05
2.2757e-05
1.51241e-05
7.54679e-06
0
6.94182e-06
1.40038e-05
2.09317e-05
2.82104e-05
3.52432e-05
4.28302e-05
5.01011e-05
5.80889e-05
6.57465e-05
7.42348e-05
8.24413e-05
9.15411e-05
0.000100464
0.00011029
0.000120079
0.000130721
0.00014145
0.000152871
0.000164304
0.000175927
0.000187125
0.000197751
0.000211336
0.00545856
0.00808869
0.0125252
0.0159037
0.0197431
0.0230612
0.0262737
0.0290021
0.0313886
0.0336024
0.035406
0.0367636
0.0377471
0.0384372
0.0388935
0.0391537
0.0392383
0.0391536
0.0388933
0.0384369
0.0377468
0.0367632
0.0354055
0.0336019
0.0313879
0.0290013
0.0262728
0.0230603
0.019742
0.0159026
0.0125239
0.00808723
0.00545693
0.000209557
0.000195773
0.000184975
0.000173527
0.000161778
0.00015004
0.000138551
0.000127465
0.000116816
0.000106617
9.68346e-05
8.7453e-05
7.84214e-05
6.97192e-05
6.12916e-05
5.31187e-05
4.51489e-05
3.73638e-05
2.97176e-05
2.21914e-05
1.4746e-05
7.35975e-06
0
6.80229e-06
1.3535e-05
2.05037e-05
2.72744e-05
3.44988e-05
4.14275e-05
4.89935e-05
5.62131e-05
6.42082e-05
7.18627e-05
8.03793e-05
8.86172e-05
9.77493e-05
0.000106706
0.00011653
0.000126288
0.000136802
0.000147285
0.000158228
0.000168934
0.000179569
0.000189617
0.000199198
0.000207984
0.000247645
0.006055
0.00865377
0.013036
0.0162041
0.0196647
0.0223449
0.024656
0.0270255
0.0288635
0.0301583
0.0310502
0.0316557
0.0320483
0.0322698
0.0323414
0.0322697
0.0320481
0.0316555
0.0310499
0.0301579
0.028863
0.0270249
0.0246554
0.0223441
0.0196639
0.0162032
0.013035
0.00865263
0.00605373
0.000246249
0.000206429
0.000197455
0.000187721
0.000177437
0.000166683
0.000155688
0.000144676
0.00013385
0.000123324
0.000113169
0.000103386
9.39839e-05
8.49258e-05
7.62024e-05
6.77656e-05
5.96007e-05
5.16582e-05
4.39227e-05
3.6348e-05
2.89179e-05
2.15918e-05
1.43511e-05
7.16144e-06
0
6.55903e-06
1.32362e-05
1.97745e-05
2.6658e-05
3.3284e-05
4.04559e-05
4.72892e-05
5.48291e-05
6.19987e-05
6.99867e-05
7.76263e-05
8.61413e-05
9.43761e-05
0.000103484
0.000112402
0.00012212
0.000131712
0.000141916
0.000151933
0.000162196
0.000172056
0.000181752
0.000190976
0.000200145
0.00021085
0.000218387
0.000284743
0.00626327
0.00875256
0.0128387
0.0153266
0.0174128
0.0201454
0.0220223
0.0232054
0.0239649
0.0244603
0.0247745
0.0249499
0.0250063
0.0249498
0.0247744
0.02446
0.0239646
0.0232051
0.0220218
0.0201449
0.0174122
0.0153259
0.012838
0.00875169
0.0062623
0.000283668
0.000217171
0.000209495
0.000198613
0.000189311
0.000179865
0.000170061
0.000159927
0.000149598
0.000139254
0.000129035
0.000119062
0.000109382
0.000100033
9.10011e-05
8.22929e-05
7.38709e-05
6.57284e-05
5.78203e-05
5.01359e-05
4.26301e-05
3.52901e-05
2.80744e-05
2.09678e-05
1.39345e-05
6.95517e-06
0
6.4024e-06
1.27332e-05
1.92952e-05
2.56522e-05
3.24538e-05
3.89448e-05
4.60609e-05
5.28024e-05
6.03047e-05
6.7418e-05
7.53753e-05
8.29765e-05
9.14468e-05
9.9627e-05
0.000108636
0.000117421
0.00012691
0.000136183
0.000145909
0.000155312
0.000164822
0.00017389
0.000182884
0.000191696
0.000201026
0.000209078
0.000218226
0.000222758
0.000247581
0.00608192
0.00795766
0.00945124
0.0130748
0.0149341
0.015911
0.0164821
0.0168384
0.0170596
0.0171818
0.0172209
0.0171817
0.0170595
0.0168382
0.0164819
0.0159107
0.0149337
0.0130744
0.00945069
0.00795702
0.00608119
0.000246767
0.000221832
0.00021717
0.000207903
0.000199684
0.00019024
0.00018122
0.000172131
0.000162805
0.000153235
0.000143521
0.00013378
0.000124143
0.000114688
0.000105488
9.65559e-05
8.79164e-05
7.95474e-05
7.14534e-05
6.35967e-05
5.5973e-05
4.854e-05
4.12893e-05
3.41797e-05
2.71998e-05
2.03126e-05
1.35026e-05
6.73848e-06
0
6.14316e-06
1.24014e-05
1.85174e-05
2.49698e-05
3.11559e-05
3.78745e-05
4.42361e-05
5.12875e-05
5.79351e-05
6.53811e-05
7.24227e-05
8.03156e-05
8.78423e-05
9.62116e-05
0.00010427
0.000113091
0.000121635
0.000130768
0.00013959
0.00014873
0.000157469
0.000166269
0.000174693
0.000183184
0.000191569
0.000199438
0.00020718
0.000213111
0.000220603
0.000222217
0.000230182
0.000249188
0.00613193
0.00766424
0.00826759
0.00858346
0.00877262
0.00888824
0.00895167
0.00897194
0.00895161
0.00888812
0.00877244
0.00858322
0.00826728
0.00766386
0.00613148
0.000248673
0.000229582
0.00022152
0.000219809
0.000212195
0.000206164
0.000198267
0.000190302
0.000181722
0.000173149
0.000164484
0.000155631
0.000146599
0.000137446
0.000128278
0.000119177
0.000110235
0.00010149
9.29881e-05
8.47246e-05
7.67178e-05
6.89401e-05
6.13956e-05
5.40469e-05
4.68911e-05
3.98888e-05
3.30327e-05
2.62855e-05
1.96358e-05
1.30509e-05
6.51471e-06
0
5.97058e-06
1.18684e-05
1.79904e-05
2.39029e-05
3.02468e-05
3.62693e-05
4.28986e-05
4.91319e-05
5.61039e-05
6.26483e-05
7.00113e-05
7.69564e-05
8.47413e-05
9.21458e-05
0.000100346
0.000108206
0.000116742
0.000124942
0.000133613
0.000141902
0.000150417
0.000158516
0.000166689
0.000174545
0.000182418
0.000189752
0.000196832
0.000202874
0.000209009
0.00021285
0.000219021
0.000225182
0.000223765
0.0002278
0.000232492
0.000236726
0.000240175
0.000242696
0.000244224
0.000244718
0.00024417
0.000242587
0.000240008
0.000236501
0.000232203
0.000227445
0.000223335
0.000224679
0.000218426
0.000212175
0.00020822
0.000202001
0.000195815
0.000188654
0.000181139
0.000173197
0.000165116
0.000156898
0.000148525
0.000139999
0.000131384
0.000122743
0.000114165
0.000105702
9.74179e-05
8.93244e-05
8.14552e-05
7.37949e-05
6.63577e-05
5.91132e-05
5.2065e-05
4.51772e-05
3.84472e-05
3.18386e-05
2.53442e-05
1.89306e-05
1.25859e-05
6.28147e-06
0
5.69751e-06
1.15059e-05
1.71706e-05
2.31597e-05
2.88774e-05
3.51091e-05
4.09716e-05
4.75003e-05
5.36008e-05
6.04721e-05
6.6897e-05
7.41425e-05
8.0957e-05
8.85817e-05
9.5807e-05
0.000103765
0.000111345
0.000119507
0.000127278
0.000135423
0.000143145
0.000151045
0.000158542
0.000166106
0.000173293
0.000180282
0.000186751
0.000192679
0.000198169
0.000202702
0.000207836
0.000212465
0.00021389
0.000217222
0.000221091
0.000224721
0.000227729
0.000229962
0.000231315
0.000231757
0.000231262
0.000229853
0.000227566
0.000224497
0.000220809
0.000216869
0.000213473
0.000211963
0.000207267
0.000202026
0.000197424
0.000191799
0.000185805
0.000179168
0.000172122
0.000164726
0.000157125
0.000149372
0.000141465
0.000133438
0.000125323
0.000117195
0.000109103
0.000101118
9.32665e-05
8.55945e-05
7.80996e-05
7.08068e-05
6.36946e-05
5.67744e-05
5.00149e-05
4.34191e-05
3.69528e-05
3.06132e-05
2.43672e-05
1.82069e-05
1.21029e-05
6.04209e-06
0
5.51011e-06
1.09475e-05
1.65995e-05
2.2041e-05
2.7896e-05
3.34248e-05
3.95357e-05
4.52378e-05
5.16488e-05
5.76064e-05
6.43495e-05
7.06309e-05
7.77178e-05
8.43601e-05
9.17663e-05
9.87511e-05
0.000106393
0.000113621
0.000121339
0.000128628
0.000136215
0.000143369
0.000150665
0.000157555
0.000164437
0.000170833
0.000176991
0.000182533
0.000187746
0.000192281
0.000196876
0.000200839
0.000203371
0.000206435
0.000209791
0.000212921
0.000215567
0.000217528
0.000218735
0.000219119
0.000218682
0.000217423
0.000215404
0.000212706
0.000209508
0.000206097
0.000202953
0.000200364
0.000196302
0.000191649
0.00018699
0.000181722
0.000176025
0.000169821
0.000163233
0.000156321
0.000149194
0.000141894
0.000134456
0.000126898
0.000119276
0.000111624
0.000104014
9.64755e-05
8.90646e-05
8.17895e-05
7.46861e-05
6.77421e-05
6.09773e-05
5.43665e-05
4.79192e-05
4.16043e-05
3.54239e-05
2.93461e-05
2.33673e-05
1.74578e-05
1.16086e-05
5.7942e-06
0
5.22548e-06
1.05565e-05
1.57447e-05
2.12417e-05
2.64675e-05
3.21829e-05
3.7525e-05
4.3502e-05
4.90382e-05
5.53094e-05
6.11081e-05
6.76898e-05
7.37976e-05
8.06792e-05
8.71027e-05
9.42307e-05
0.000100915
0.000108177
0.000114996
0.000122223
0.000129002
0.000136021
0.000142605
0.000149284
0.00015552
0.000161661
0.000167288
0.000172633
0.000177456
0.000181924
0.00018607
0.000189769
0.000192623
0.00019558
0.000198541
0.000201315
0.000203626
0.000205374
0.00020643
0.00020678
0.00020638
0.000205268
0.000203472
0.000201097
0.000198275
0.000195239
0.000192232
0.000189287
0.000185539
0.00018128
0.000176765
0.000171802
0.000166418
0.000160615
0.000154451
0.000147998
0.000141318
0.000134472
0.000127481
0.000120391
0.000113228
0.000106051
9.88884e-05
9.18004e-05
8.4802e-05
7.79375e-05
7.12033e-05
6.46278e-05
5.81927e-05
5.1914e-05
4.57651e-05
3.97534e-05
3.38491e-05
2.8053e-05
2.2336e-05
1.66931e-05
1.10983e-05
5.54112e-06
0
5.02433e-06
9.97715e-06
1.51328e-05
2.00809e-05
2.54199e-05
3.04347e-05
3.60003e-05
4.11543e-05
4.69795e-05
5.23398e-05
5.84442e-05
6.40626e-05
7.04451e-05
7.63444e-05
8.29718e-05
8.9129e-05
9.59225e-05
0.000102255
0.000109085
0.000115456
0.000122166
0.000128421
0.000134864
0.000140864
0.000146895
0.000152451
0.000157866
0.000162764
0.000167416
0.000171575
0.000175507
0.000178925
0.000181895
0.000184676
0.000187397
0.000189838
0.000191911
0.00019344
0.000194394
0.000194688
0.000194342
0.000193341
0.000191754
0.000189636
0.000187126
0.000184361
0.000181497
0.000178485
0.000174963
0.000170993
0.000166705
0.000162022
0.000156964
0.00015153
0.000145777
0.000139746
0.000133507
0.000127092
0.00012055
0.0001139
0.000107196
0.00010046
9.37488e-05
8.7081e-05
8.05056e-05
7.40262e-05
6.76784e-05
6.14508e-05
5.53663e-05
4.94032e-05
4.35747e-05
3.78538e-05
3.22461e-05
2.67236e-05
2.12857e-05
1.59061e-05
1.05785e-05
5.28051e-06
0
4.73045e-06
9.5598e-06
1.42501e-05
1.923e-05
2.39445e-05
2.91183e-05
3.39237e-05
3.93252e-05
4.42858e-05
4.99371e-05
5.51069e-05
6.10136e-05
6.64259e-05
7.25689e-05
7.82225e-05
8.45477e-05
9.03941e-05
9.68047e-05
0.000102744
0.000109108
0.000115007
0.000121183
0.000126905
0.000132759
0.000138157
0.000143531
0.000148422
0.000153154
0.000157404
0.000161428
0.000165023
0.000168323
0.000171165
0.000173851
0.000176302
0.000178531
0.000180351
0.000181737
0.000182564
0.000182842
0.000182517
0.000181636
0.000180208
0.000178325
0.000176056
0.000173529
0.000170806
0.000167871
0.000164537
0.000160826
0.000156776
0.000152381
0.000147635
0.000142565
0.000137193
0.000131577
0.00012575
0.000119766
0.000113646
0.000107439
0.000101164
9.48723e-05
8.85816e-05
8.23422e-05
7.61622e-05
7.00823e-05
6.40976e-05
5.82369e-05
5.24842e-05
4.68578e-05
4.13347e-05
3.59253e-05
3.06035e-05
2.53729e-05
2.02079e-05
1.51062e-05
1.00448e-05
5.01559e-06
0
4.51651e-06
8.96425e-06
1.36005e-05
1.80365e-05
2.2836e-05
2.7321e-05
3.23183e-05
3.69127e-05
4.21321e-05
4.689e-05
5.23419e-05
5.73027e-05
6.29781e-05
6.81559e-05
7.40185e-05
7.93899e-05
8.53689e-05
9.08665e-05
9.68561e-05
0.000102374
0.000108247
0.00011366
0.000119291
0.00012447
0.000129726
0.000134521
0.000139257
0.000143523
0.000147633
0.000151296
0.000154756
0.000157787
0.00016057
0.000163041
0.000165342
0.00016732
0.000168986
0.000170195
0.000170956
0.000171182
0.000170908
0.000170105
0.000168839
0.000167135
0.000165089
0.000162754
0.000160199
0.000157386
0.000154251
0.00015077
0.000146976
0.000142855
0.000138428
0.000133697
0.000128704
0.000123473
0.000118056
0.000112477
0.000106784
0.000100991
9.51494e-05
8.92723e-05
8.3409e-05
7.75694e-05
7.1797e-05
6.60916e-05
6.04868e-05
5.4972e-05
4.95706e-05
4.42637e-05
3.90665e-05
3.39554e-05
2.89384e-05
2.39909e-05
1.91147e-05
1.42869e-05
9.50317e-06
4.74412e-06
0
4.21568e-06
8.52239e-06
1.26969e-05
1.71379e-05
2.13256e-05
2.59363e-05
3.0193e-05
3.49993e-05
3.93776e-05
4.43936e-05
4.89361e-05
5.41604e-05
5.8891e-05
6.43004e-05
6.92143e-05
7.47579e-05
7.98138e-05
8.54096e-05
9.05284e-05
9.60693e-05
0.000101145
0.000106514
0.000111432
0.000116511
0.000121143
0.000125806
0.00013002
0.000134151
0.000137844
0.000141384
0.000144514
0.000147443
0.000149995
0.000152367
0.000154432
0.000156272
0.000157735
0.00015885
0.000159503
0.000159727
0.00015946
0.000158757
0.000157605
0.000156081
0.000154209
0.000152069
0.000149671
0.000147026
0.000144078
0.000140832
0.000137282
0.000133446
0.000129319
0.000124929
0.000120289
0.000115443
0.000110411
0.000105239
9.99447e-05
9.45724e-05
8.91353e-05
8.36797e-05
7.82154e-05
7.27861e-05
6.7395e-05
6.20787e-05
5.68312e-05
5.16802e-05
4.66111e-05
4.16433e-05
3.67566e-05
3.19628e-05
2.72395e-05
2.2592e-05
1.7998e-05
1.34571e-05
8.9495e-06
4.46913e-06
0
3.98983e-06
7.91516e-06
1.20122e-05
1.59209e-05
2.01609e-05
2.41038e-05
2.8514e-05
3.25409e-05
3.71383e-05
4.12926e-05
4.60815e-05
5.03932e-05
5.53603e-05
5.98378e-05
6.49474e-05
6.95695e-05
7.47596e-05
7.94717e-05
8.46552e-05
8.93732e-05
9.4447e-05
9.90698e-05
0.000103926
0.000108344
0.000112872
0.000116966
0.000121057
0.000124721
0.000128292
0.000131459
0.000134478
0.000137118
0.000139581
0.000141717
0.000143671
0.000145297
0.000146658
0.000147624
0.000148238
0.000148412
0.000148194
0.000147543
0.000146523
0.000145131
0.00014344
0.000141461
0.000139242
0.000136761
0.000134019
0.000130992
0.000127699
0.00012413
0.000120311
0.000116241
0.000111956
0.000107469
0.000102824
9.80343e-05
9.31441e-05
8.81647e-05
8.31396e-05
7.80779e-05
7.3022e-05
6.79766e-05
6.29797e-05
5.80287e-05
5.31546e-05
4.83469e-05
4.36284e-05
3.89826e-05
3.44251e-05
2.99355e-05
2.5523e-05
2.11665e-05
1.6869e-05
1.26108e-05
8.38957e-06
4.18852e-06
0
3.68426e-06
7.45041e-06
1.10942e-05
1.49779e-05
1.86266e-05
2.26561e-05
2.63556e-05
3.05504e-05
3.43433e-05
3.87118e-05
4.26313e-05
4.71678e-05
5.12314e-05
5.59118e-05
6.01134e-05
6.4892e-05
6.91972e-05
7.40052e-05
7.83512e-05
8.31013e-05
8.7404e-05
9.19998e-05
9.61634e-05
0.000100505
0.000104427
0.000108415
0.000111992
0.000115541
0.000118694
0.000121749
0.000124433
0.000126975
0.000129178
0.00013122
0.000132951
0.000134478
0.000135664
0.000136569
0.000137087
0.000137269
0.000137049
0.000136485
0.000135549
0.000134305
0.000132754
0.000130952
0.000128892
0.000126601
0.00012405
0.000121255
0.000118202
0.000114913
0.000111381
0.000107637
0.000103684
9.9561e-05
9.52776e-05
9.08752e-05
8.63639e-05
8.17845e-05
7.71451e-05
7.24861e-05
6.78126e-05
6.31626e-05
5.85356e-05
5.39645e-05
4.94422e-05
4.49945e-05
4.06083e-05
3.63023e-05
3.2059e-05
2.78908e-05
2.37782e-05
1.97277e-05
1.572e-05
1.17563e-05
7.81937e-06
3.90512e-06
0
3.44725e-06
6.83581e-06
1.03768e-05
1.37462e-05
1.74097e-05
2.08015e-05
2.46086e-05
2.80633e-05
3.20258e-05
3.55778e-05
3.96956e-05
4.33678e-05
4.7626e-05
5.14234e-05
5.57893e-05
5.96936e-05
6.41141e-05
6.80813e-05
7.24851e-05
7.6449e-05
8.07522e-05
8.46314e-05
8.87449e-05
9.24497e-05
9.62836e-05
9.97213e-05
0.000103191
0.000106279
0.000109321
0.000112002
0.000114583
0.000116828
0.000118938
0.000120741
0.00012238
0.000123713
0.000124826
0.000125601
0.000126097
0.000126231
0.000126057
0.00012553
0.000124706
0.000123568
0.000122174
0.000120517
0.000118638
0.000116518
0.000114178
0.000111598
0.000108798
0.00010577
0.000102536
9.90966e-05
9.54823e-05
9.16989e-05
8.77834e-05
8.37439e-05
7.96184e-05
7.54141e-05
7.11689e-05
6.68877e-05
6.26071e-05
5.83282e-05
5.40842e-05
4.98708e-05
4.57157e-05
4.16088e-05
3.75715e-05
3.35891e-05
2.96769e-05
2.58173e-05
2.20199e-05
1.82667e-05
1.45615e-05
1.08878e-05
7.24426e-06
3.61697e-06
0
3.13903e-06
6.34965e-06
9.45082e-06
1.27618e-05
1.58619e-05
1.92954e-05
2.24317e-05
2.60018e-05
2.92083e-05
3.29195e-05
3.62219e-05
4.00665e-05
4.34774e-05
4.74326e-05
5.09461e-05
5.49723e-05
5.85603e-05
6.26007e-05
6.62138e-05
7.01979e-05
7.37696e-05
7.76191e-05
8.10724e-05
8.47065e-05
8.79596e-05
9.12999e-05
9.42736e-05
9.72531e-05
9.98839e-05
0.000102458
0.000104706
0.000106853
0.000108698
0.000110411
0.000111838
0.000113093
0.000114049
0.00011478
0.00011519
0.000115338
0.000115158
0.000114706
0.000113949
0.000112942
0.000111668
0.000110177
0.000108453
0.000106526
0.000104378
0.000102029
9.94649e-05
9.67088e-05
9.3754e-05
9.06274e-05
8.73298e-05
8.38932e-05
8.03226e-05
7.6653e-05
7.289e-05
6.9069e-05
6.51942e-05
6.13004e-05
5.73893e-05
5.34934e-05
4.96103e-05
4.57685e-05
4.19607e-05
3.82099e-05
3.45044e-05
3.08616e-05
2.72665e-05
2.37309e-05
2.02383e-05
1.67955e-05
1.33865e-05
1.00129e-05
6.66058e-06
3.32666e-06
0
2.89156e-06
5.73168e-06
8.7027e-06
1.15231e-05
1.45963e-05
1.74304e-05
2.06216e-05
2.35015e-05
2.68184e-05
2.97709e-05
3.32112e-05
3.62537e-05
3.98029e-05
4.29382e-05
4.65675e-05
4.97806e-05
5.34461e-05
5.67023e-05
6.03463e-05
6.35939e-05
6.71494e-05
7.03243e-05
7.37199e-05
7.6751e-05
7.99154e-05
8.27307e-05
8.55987e-05
8.81341e-05
9.06553e-05
9.28637e-05
9.50074e-05
9.686e-05
9.86113e-05
0.00010009
0.000101435
0.00010251
0.000103408
0.000104023
0.00010442
0.000104522
0.000104386
0.000103962
0.000103305
0.000102387
0.000101258
9.99016e-05
9.83541e-05
9.65993e-05
9.46612e-05
9.25241e-05
9.02095e-05
8.77075e-05
8.50418e-05
8.22087e-05
7.92358e-05
7.61248e-05
7.29065e-05
6.9585e-05
6.61923e-05
6.27323e-05
5.9237e-05
5.57083e-05
5.21773e-05
4.86429e-05
4.51332e-05
4.16431e-05
3.81966e-05
3.47845e-05
3.14257e-05
2.81077e-05
2.48443e-05
2.16209e-05
1.84466e-05
1.53062e-05
1.22042e-05
9.12656e-06
6.07314e-06
3.03244e-06
0
2.58261e-06
5.22542e-06
7.77447e-06
1.05e-05
1.30445e-05
1.58696e-05
1.8439e-05
2.13738e-05
2.39943e-05
2.70406e-05
2.9732e-05
3.28816e-05
3.56529e-05
3.88859e-05
4.17318e-05
4.50152e-05
4.79137e-05
5.12018e-05
5.41147e-05
5.73518e-05
6.02276e-05
6.33519e-05
6.61307e-05
6.90787e-05
7.1697e-05
7.44081e-05
7.68053e-05
7.92278e-05
8.13541e-05
8.34516e-05
8.52723e-05
8.70232e-05
8.85161e-05
8.99065e-05
9.10495e-05
9.20557e-05
9.28103e-05
9.33907e-05
9.37098e-05
9.3827e-05
9.36827e-05
9.33283e-05
9.2728e-05
9.19285e-05
9.09093e-05
8.97096e-05
8.83137e-05
8.67497e-05
8.50021e-05
8.30927e-05
8.10094e-05
7.87737e-05
7.63788e-05
7.38484e-05
7.1181e-05
6.84034e-05
6.55173e-05
6.25514e-05
5.95085e-05
5.64179e-05
5.32813e-05
5.01274e-05
4.69561e-05
4.37942e-05
4.06385e-05
3.75128e-05
3.44101e-05
3.13503e-05
2.8323e-05
2.53437e-05
2.23996e-05
1.95016e-05
1.6636e-05
1.38094e-05
1.10085e-05
8.23541e-06
5.47874e-06
2.73657e-06
0
2.32532e-06
4.60777e-06
6.99758e-06
9.26177e-06
1.17333e-05
1.4005e-05
1.65699e-05
1.88738e-05
2.15368e-05
2.38933e-05
2.66512e-05
2.9073e-05
3.19129e-05
3.44017e-05
3.72998e-05
3.98437e-05
4.27649e-05
4.53376e-05
4.8237e-05
5.0799e-05
5.36246e-05
5.61271e-05
5.88237e-05
6.12124e-05
6.37253e-05
6.59457e-05
6.82254e-05
7.02288e-05
7.22363e-05
7.39849e-05
7.56942e-05
7.7162e-05
7.85566e-05
7.97234e-05
8.07866e-05
8.16257e-05
8.23288e-05
8.28028e-05
8.3112e-05
8.31884e-05
8.30841e-05
8.27541e-05
8.2244e-05
8.15267e-05
8.06416e-05
7.9571e-05
7.83461e-05
7.69519e-05
7.54114e-05
7.37117e-05
7.18729e-05
6.98863e-05
6.77726e-05
6.55274e-05
6.31738e-05
6.07113e-05
5.81649e-05
5.5536e-05
5.28507e-05
5.01103e-05
4.73411e-05
4.4543e-05
4.17413e-05
3.89337e-05
3.61432e-05
3.33648e-05
3.06182e-05
2.78954e-05
2.52125e-05
2.25588e-05
1.99465e-05
1.73637e-05
1.48182e-05
1.22981e-05
9.80741e-06
7.33513e-06
4.88155e-06
2.43757e-06
0
2.01739e-06
4.08266e-06
6.07228e-06
8.20223e-06
1.01861e-05
1.23931e-05
1.43931e-05
1.66841e-05
1.872e-05
2.10953e-05
2.31816e-05
2.56338e-05
2.77769e-05
3.02897e-05
3.24852e-05
3.50326e-05
3.72641e-05
3.98112e-05
4.205e-05
4.45545e-05
4.67626e-05
4.91777e-05
5.13103e-05
5.35883e-05
5.55983e-05
5.7694e-05
5.95363e-05
6.14112e-05
6.30481e-05
6.46736e-05
6.6077e-05
6.74343e-05
6.85835e-05
6.96577e-05
7.05322e-05
7.13038e-05
7.18758e-05
7.23178e-05
7.25571e-05
7.26468e-05
7.25358e-05
7.22682e-05
7.18111e-05
7.12027e-05
7.04222e-05
6.95014e-05
6.8425e-05
6.72174e-05
6.58657e-05
6.43896e-05
6.2779e-05
6.10525e-05
5.92039e-05
5.72528e-05
5.51966e-05
5.30568e-05
5.08333e-05
4.85487e-05
4.62037e-05
4.38215e-05
4.14023e-05
3.89688e-05
3.65196e-05
3.4076e-05
3.16347e-05
2.92144e-05
2.68092e-05
2.4435e-05
2.20835e-05
1.97671e-05
1.7476e-05
1.52191e-05
1.29857e-05
1.07813e-05
8.59588e-06
6.43135e-06
4.2789e-06
2.13738e-06
0
1.75091e-06
3.46862e-06
5.26845e-06
6.97096e-06
8.83206e-06
1.05382e-05
1.24687e-05
1.41963e-05
1.6199e-05
1.79628e-05
2.00345e-05
2.18435e-05
2.39738e-05
2.5829e-05
2.79996e-05
2.98921e-05
3.20768e-05
3.39877e-05
3.61534e-05
3.80541e-05
4.01628e-05
4.20181e-05
4.40295e-05
4.58003e-05
4.76745e-05
4.93215e-05
5.1023e-05
5.25108e-05
5.40108e-05
5.53112e-05
5.65893e-05
5.76809e-05
5.87226e-05
5.95878e-05
6.03784e-05
6.09965e-05
6.15162e-05
6.18627e-05
6.20905e-05
6.21449e-05
6.20691e-05
6.18258e-05
6.14514e-05
6.09217e-05
6.02676e-05
5.94728e-05
5.8562e-05
5.75226e-05
5.63738e-05
5.51055e-05
5.37344e-05
5.22534e-05
5.06791e-05
4.90075e-05
4.72564e-05
4.54244e-05
4.35306e-05
4.1575e-05
3.95774e-05
3.7538e-05
3.54764e-05
3.33921e-05
3.13039e-05
2.92096e-05
2.71267e-05
2.50508e-05
2.29971e-05
2.09591e-05
1.89494e-05
1.69598e-05
1.49998e-05
1.30605e-05
1.11481e-05
9.25364e-06
7.38057e-06
5.52061e-06
3.67426e-06
1.8348e-06
0
1.44557e-06
2.92591e-06
4.35071e-06
5.87746e-06
7.29685e-06
8.87843e-06
1.03077e-05
1.19486e-05
1.34014e-05
1.51012e-05
1.65875e-05
1.83404e-05
1.98644e-05
2.16584e-05
2.3217e-05
2.50334e-05
2.6615e-05
2.8429e-05
3.00141e-05
3.17961e-05
3.33581e-05
3.50755e-05
3.65837e-05
3.82032e-05
3.96248e-05
4.11151e-05
4.24192e-05
4.37535e-05
4.49135e-05
4.60712e-05
4.70664e-05
4.8033e-05
4.88472e-05
4.96105e-05
5.02276e-05
5.07735e-05
5.11747e-05
5.14862e-05
5.16528e-05
5.17163e-05
5.16374e-05
5.14502e-05
5.11282e-05
5.07001e-05
5.01486e-05
4.94971e-05
4.87334e-05
4.78759e-05
4.69149e-05
4.58657e-05
4.47208e-05
4.34943e-05
4.21815e-05
4.07968e-05
3.93378e-05
3.78202e-05
3.6243e-05
3.46227e-05
3.29592e-05
3.1269e-05
2.95517e-05
2.78237e-05
2.60834e-05
2.43463e-05
2.26093e-05
2.08863e-05
1.91726e-05
1.74799e-05
1.58019e-05
1.4148e-05
1.25109e-05
1.08974e-05
9.29973e-06
7.72222e-06
6.15755e-06
4.60745e-06
3.06561e-06
1.53138e-06
0
1.17052e-06
2.31841e-06
3.5218e-06
4.65881e-06
5.90307e-06
7.04151e-06
8.33171e-06
9.48322e-06
1.08209e-05
1.1995e-05
1.33777e-05
1.45801e-05
1.60005e-05
1.72317e-05
1.86775e-05
1.99318e-05
2.13855e-05
2.26505e-05
2.40903e-05
2.53476e-05
2.67486e-05
2.79753e-05
2.93111e-05
3.04819e-05
3.17266e-05
3.28159e-05
3.39464e-05
3.49312e-05
3.59285e-05
3.67899e-05
3.764e-05
3.83631e-05
3.90553e-05
3.96274e-05
4.01514e-05
4.05585e-05
4.09017e-05
4.11287e-05
4.12789e-05
4.13138e-05
4.12645e-05
4.1104e-05
4.08579e-05
4.05083e-05
4.00766e-05
3.95504e-05
3.8947e-05
3.82572e-05
3.74947e-05
3.66525e-05
3.57424e-05
3.47594e-05
3.37151e-05
3.26064e-05
3.14456e-05
3.02313e-05
2.89762e-05
2.768e-05
2.6356e-05
2.50037e-05
2.36366e-05
2.22536e-05
2.08677e-05
1.94769e-05
1.8093e-05
1.67128e-05
1.53465e-05
1.39899e-05
1.26513e-05
1.13253e-05
1.00184e-05
8.72446e-06
7.44804e-06
6.18309e-06
4.93204e-06
3.68939e-06
2.45562e-06
1.22629e-06
0
8.69142e-07
1.75938e-06
2.61569e-06
3.53387e-06
4.38641e-06
5.3374e-06
6.19521e-06
7.18147e-06
8.05255e-06
9.07369e-06
9.96384e-06
1.10161e-05
1.19278e-05
1.30039e-05
1.39351e-05
1.50237e-05
1.59678e-05
1.70542e-05
1.79996e-05
1.90662e-05
1.99973e-05
2.10248e-05
2.19236e-05
2.28924e-05
2.37398e-05
2.46314e-05
2.54091e-05
2.62077e-05
2.68999e-05
2.75932e-05
2.81873e-05
2.87661e-05
2.92517e-05
2.97082e-05
3.00755e-05
3.04011e-05
3.0639e-05
3.08244e-05
3.09227e-05
3.09607e-05
3.09135e-05
3.08026e-05
3.0611e-05
3.03566e-05
3.00279e-05
2.96395e-05
2.91833e-05
2.86709e-05
2.80962e-05
2.74688e-05
2.67842e-05
2.6051e-05
2.52664e-05
2.44391e-05
2.35676e-05
2.26612e-05
2.17193e-05
2.07517e-05
1.97581e-05
1.87484e-05
1.77223e-05
1.66895e-05
1.56489e-05
1.46099e-05
1.35705e-05
1.2539e-05
1.15125e-05
1.04981e-05
9.49203e-06
8.49995e-06
7.5175e-06
6.54882e-06
5.58933e-06
4.64167e-06
3.70146e-06
2.76982e-06
1.843e-06
9.20671e-07
0
5.86224e-07
1.16098e-06
1.76372e-06
2.33282e-06
2.95599e-06
3.5255e-06
4.17156e-06
4.74722e-06
5.41684e-06
6.00332e-06
6.69511e-06
7.29522e-06
8.00548e-06
8.61945e-06
9.34195e-06
9.96691e-06
1.06929e-05
1.13228e-05
1.20415e-05
1.26672e-05
1.33663e-05
1.39766e-05
1.4643e-05
1.52255e-05
1.58465e-05
1.63885e-05
1.69527e-05
1.74429e-05
1.79407e-05
1.83698e-05
1.87942e-05
1.91543e-05
1.94997e-05
1.97843e-05
2.00454e-05
2.02475e-05
2.04182e-05
2.05306e-05
2.06052e-05
2.06223e-05
2.0598e-05
2.05182e-05
2.03961e-05
2.02224e-05
2.00077e-05
1.97457e-05
1.94452e-05
1.91012e-05
1.8721e-05
1.83009e-05
1.78471e-05
1.73569e-05
1.68363e-05
1.62838e-05
1.57053e-05
1.51002e-05
1.44749e-05
1.3829e-05
1.31693e-05
1.24953e-05
1.18139e-05
1.11244e-05
1.04333e-05
9.73946e-06
9.04888e-06
8.3599e-06
7.67768e-06
6.99997e-06
6.33105e-06
5.66817e-06
5.01462e-06
4.36738e-06
3.72874e-06
3.09568e-06
2.46946e-06
1.84735e-06
1.22962e-06
6.14059e-07
0
2.90012e-07
5.87096e-07
8.72768e-07
1.17918e-06
1.46351e-06
1.78084e-06
2.06681e-06
2.39586e-06
2.68611e-06
3.0267e-06
3.32314e-06
3.67399e-06
3.97742e-06
4.33606e-06
4.64583e-06
5.0085e-06
5.32238e-06
5.68418e-06
5.99836e-06
6.35345e-06
6.66284e-06
7.00485e-06
7.30346e-06
7.6259e-06
7.90744e-06
8.20422e-06
8.46267e-06
8.72854e-06
8.95865e-06
9.1895e-06
9.38702e-06
9.57972e-06
9.74115e-06
9.89304e-06
1.0015e-05
1.01232e-05
1.02021e-05
1.02636e-05
1.02961e-05
1.03088e-05
1.02931e-05
1.02563e-05
1.01927e-05
1.01083e-05
9.99909e-06
9.87002e-06
9.71828e-06
9.54786e-06
9.35662e-06
9.14787e-06
8.92003e-06
8.67611e-06
8.41506e-06
8.13991e-06
7.85003e-06
7.54861e-06
7.23536e-06
6.91358e-06
6.5831e-06
6.2473e-06
5.90595e-06
5.56235e-06
5.2161e-06
4.8703e-06
4.52428e-06
4.18083e-06
3.83895e-06
3.50102e-06
3.16579e-06
2.83514e-06
2.50763e-06
2.18465e-06
1.86467e-06
1.5486e-06
1.23496e-06
9.24158e-07
6.14934e-07
3.07194e-07
0
0
0
0
0
0
0
0
0
0
0
0
0
0
0
0
0
0
0
0
0
0
0
0
0
0
0
0
0
0
0
0
0
0
0
0
0
0
0
0
0
0
0
0
0
0
0
0
0
0
0
0
0
0
0
0
0
0
0
0
0
0
0
0
0
0
0
0
0
0
0
0
0
0
0
0
0
0
0
0
