47 42
0
0
0
0
0
0
0
0
0
0
0
0
0
0
0
0
0
0
0
0
0
0
0
0
0
0
0
0
0
0
0
0
0
0
0
0
0
0
0
0
0
0
0
2.82683e-07
5.66125e-07
8.50531e-07
1.13715e-06
1.42562e-06
1.71757e-06
2.01205e-06
2.31098e-06
2.61283e-06
2.91963e-06
3.22932e-06
3.54385e-06
3.86071e-06
4.18162e-06
4.50364e-06
4.82817e-06
5.15198e-06
5.47603e-06
5.79693e-06
6.11524e-06
6.42753e-06
6.73403e-06
7.03145e-06
7.31976e-06
7.59597e-06
7.85992e-06
8.10904e-06
8.34317e-06
8.56022e-06
8.76012e-06
8.94124e-06
9.10361e-06
9.24605e-06
9.36868e-06
9.47072e-06
9.55241e-06
9.61338e-06
9.65405e-06
9.67436e-06
9.67485e-06
9.65561e-06
0
5.65284e-07
1.13155e-06
1.70082e-06
2.27296e-06
2.85087e-06
3.43325e-06
4.02368e-06
4.6197e-06
5.22527e-06
5.83683e-06
6.4584e-06
7.08539e-06
7.72152e-06
8.36131e-06
9.00791e-06
9.65512e-06
1.03053e-05
1.09518e-05
1.15961e-05
1.22313e-05
1.28583e-05
1.34701e-05
1.40671e-05
1.46428e-05
1.51971e-05
1.57243e-05
1.6224e-05
1.66917e-05
1.7127e-05
1.75263e-05
1.78895e-05
1.82138e-05
1.84994e-05
1.87443e-05
1.89488e-05
1.91119e-05
1.92341e-05
1.93151e-05
1.93558e-05
1.93565e-05
1.93181e-05
0
8.47173e-07
1.69664e-06
2.54904e-06
3.40814e-06
4.27284e-06
5.1481e-06
6.03109e-06
6.92753e-06
7.83294e-06
8.75334e-06
9.68265e-06
1.06267e-05
1.1578e-05
1.25417e-05
1.3509e-05
1.4484e-05
1.54571e-05
1.64311e-05
1.73958e-05
1.83528e-05
1.9292e-05
2.02137e-05
2.11082e-05
2.19753e-05
2.2806e-05
2.35998e-05
2.43489e-05
2.50529e-05
2.57054e-05
2.63062e-05
2.68505e-05
2.73384e-05
2.77664e-05
2.81347e-05
2.8441e-05
2.86861e-05
2.88689e-05
2.89906e-05
2.90511e-05
2.90521e-05
2.8994e-05
0
1.12881e-06
2.25961e-06
3.39651e-06
4.53924e-06
5.69367e-06
6.85724e-06
8.03714e-06
9.22852e-06
1.04393e-05
1.16625e-05
1.29061e-05
1.4161e-05
1.54347e-05
1.67162e-05
1.80118e-05
1.93091e-05
2.06128e-05
2.19095e-05
2.32021e-05
2.44769e-05
2.57352e-05
2.69636e-05
2.8162e-05
2.93178e-05
3.04305e-05
3.14887e-05
3.24917e-05
3.34302e-05
3.43036e-05
3.51045e-05
3.58327e-05
3.64829e-05
3.70553e-05
3.75459e-05
3.79555e-05
3.82816e-05
3.85257e-05
3.8687e-05
3.87677e-05
3.87682e-05
3.86905e-05
0
1.40901e-06
2.82189e-06
4.2398e-06
5.66903e-06
7.10789e-06
8.56462e-06
1.00347e-05
1.15276e-05
1.30361e-05
1.45701e-05
1.61198e-05
1.76947e-05
1.92826e-05
2.08918e-05
2.25081e-05
2.41379e-05
2.57653e-05
2.73948e-05
2.90095e-05
3.06117e-05
3.21845e-05
3.37282e-05
3.52267e-05
3.66791e-05
3.80707e-05
3.94001e-05
4.06545e-05
4.18329e-05
4.2925e-05
4.39301e-05
4.48406e-05
4.56563e-05
4.63716e-05
4.69868e-05
4.74982e-05
4.79068e-05
4.82108e-05
4.84125e-05
4.8512e-05
4.85122e-05
4.84139e-05
0
1.68876e-06
3.38061e-06
5.08176e-06
6.79198e-06
8.52006e-06
1.02624e-05
1.20298e-05
1.38152e-05
1.56304e-05
1.74653e-05
1.93317e-05
2.12165e-05
2.31304e-05
2.50576e-05
2.70069e-05
2.89603e-05
3.09241e-05
3.28786e-05
3.48277e-05
3.67509e-05
3.86495e-05
4.05035e-05
4.23124e-05
4.40574e-05
4.57368e-05
4.7334e-05
4.88473e-05
5.02629e-05
5.15796e-05
5.27867e-05
5.38838e-05
5.48631e-05
5.57246e-05
5.64628e-05
5.70783e-05
5.75677e-05
5.79328e-05
5.8173e-05
5.82918e-05
5.82902e-05
5.81717e-05
0
1.96634e-06
3.9382e-06
5.91739e-06
7.91276e-06
9.92221e-06
1.19573e-05
1.40119e-05
1.60994e-05
1.821e-05
2.03576e-05
2.25288e-05
2.47367e-05
2.69648e-05
2.92243e-05
3.14956e-05
3.37875e-05
3.60779e-05
3.83723e-05
4.06474e-05
4.29057e-05
4.51236e-05
4.73009e-05
4.94149e-05
5.14639e-05
5.3427e-05
5.53018e-05
5.70706e-05
5.87312e-05
6.02696e-05
6.16847e-05
6.29661e-05
6.41134e-05
6.51191e-05
6.59835e-05
6.67013e-05
6.72734e-05
6.76976e-05
6.79771e-05
6.8113e-05
6.811e-05
6.79697e-05
0
2.24322e-06
4.49077e-06
6.75097e-06
9.02385e-06
1.13211e-05
1.36385e-05
1.59901e-05
1.83673e-05
2.07856e-05
2.32323e-05
2.57227e-05
2.824e-05
3.07982e-05
3.33768e-05
3.59872e-05
3.86055e-05
4.12397e-05
4.38637e-05
4.64817e-05
4.90667e-05
5.16195e-05
5.41134e-05
5.65468e-05
5.88946e-05
6.11537e-05
6.33019e-05
6.53362e-05
6.72384e-05
6.90065e-05
7.06266e-05
7.20981e-05
7.3411e-05
7.45654e-05
7.5554e-05
7.6377e-05
7.70298e-05
7.75144e-05
7.78306e-05
7.79839e-05
7.79773e-05
7.78158e-05
0
2.51719e-06
5.04165e-06
7.57602e-06
1.01317e-05
1.27065e-05
1.53152e-05
1.79508e-05
2.06301e-05
2.33413e-05
2.61021e-05
2.88961e-05
3.174e-05
3.46131e-05
3.75295e-05
4.04647e-05
4.34289e-05
4.63944e-05
4.93673e-05
5.23179e-05
5.5248e-05
5.81275e-05
6.09551e-05
6.37015e-05
6.63631e-05
6.89132e-05
7.13475e-05
7.36434e-05
7.57972e-05
7.77914e-05
7.96241e-05
8.12828e-05
8.27669e-05
8.40676e-05
8.51845e-05
8.61108e-05
8.68467e-05
8.73891e-05
8.77424e-05
8.791e-05
8.78999e-05
8.77155e-05
0
2.79015e-06
5.586e-06
8.3981e-06
1.1227e-05
1.40873e-05
1.69742e-05
1.99055e-05
2.28713e-05
2.58906e-05
2.89486e-05
3.20642e-05
3.52175e-05
3.84254e-05
4.16632e-05
4.49443e-05
4.82398e-05
5.15583e-05
5.48678e-05
5.81718e-05
6.14372e-05
6.46632e-05
6.78167e-05
7.08938e-05
7.38635e-05
7.672e-05
7.94359e-05
8.20057e-05
8.44073e-05
8.66371e-05
8.86791e-05
9.0532e-05
9.21846e-05
9.36367e-05
9.48799e-05
9.59133e-05
9.673e-05
9.73315e-05
9.77183e-05
9.78996e-05
9.78828e-05
9.76762e-05
0
3.05942e-06
6.12798e-06
9.20936e-06
1.23176e-05
1.54507e-05
1.86267e-05
2.18379e-05
2.51049e-05
2.84143e-05
3.17876e-05
3.52059e-05
3.86892e-05
4.22135e-05
4.57952e-05
4.94055e-05
5.30557e-05
5.67127e-05
6.03821e-05
6.4028e-05
6.7651e-05
7.12143e-05
7.47143e-05
7.81155e-05
8.14113e-05
8.45693e-05
8.75818e-05
9.04215e-05
9.30826e-05
9.55445e-05
9.78044e-05
9.98482e-05
0.000101676
0.000103277
0.000104651
0.00010579
0.000106691
0.000107348
0.000107768
0.000107958
0.000107933
0.000107703
0
3.3273e-06
6.66185e-06
1.00165e-05
1.33926e-05
1.68077e-05
2.0257e-05
2.37619e-05
2.73114e-05
3.09287e-05
3.4597e-05
3.83389e-05
4.2132e-05
4.5996e-05
4.99028e-05
5.3867e-05
5.78554e-05
6.18761e-05
6.58918e-05
6.99044e-05
7.38743e-05
7.77982e-05
8.16369e-05
8.53831e-05
8.89995e-05
9.24769e-05
9.57819e-05
9.89059e-05
0.000101823
0.000104527
0.000107002
0.000109244
0.000111243
0.000112999
0.000114503
0.000115752
0.000116735
0.000117449
0.000117896
0.000118092
0.000118055
0.000117803
0
3.59069e-06
7.19251e-06
1.08105e-05
1.44612e-05
1.81435e-05
2.18784e-05
2.56583e-05
2.95072e-05
3.34112e-05
3.73952e-05
4.14389e-05
4.55653e-05
4.97481e-05
5.40055e-05
5.8305e-05
6.26583e-05
6.70273e-05
7.14161e-05
7.57831e-05
8.01257e-05
8.44011e-05
8.86021e-05
9.2687e-05
9.6645e-05
0.000100437
0.000104052
0.000107457
0.000110643
0.000113586
0.000116284
0.000118722
0.000120899
0.000122807
0.000124447
0.000125806
0.000126875
0.000127643
0.000128114
0.000128307
0.000128254
0.000127978
0
3.85222e-06
7.71344e-06
1.15989e-05
1.5511e-05
1.94704e-05
2.34728e-05
2.75429e-05
3.16699e-05
3.58803e-05
4.0157e-05
4.45258e-05
4.89628e-05
5.34901e-05
5.80773e-05
6.27398e-05
6.74404e-05
7.21861e-05
7.69341e-05
8.16835e-05
8.63884e-05
9.10415e-05
9.55976e-05
0.000100045
0.00010434
0.000108468
0.00011239
0.000116091
0.000119543
0.000122737
0.000125654
0.000128294
0.000130646
0.000132712
0.000134487
0.000135964
0.00013712
0.000137942
0.000138429
0.000138609
0.00013853
0.000138234
0
4.10843e-06
8.23014e-06
1.23717e-05
1.65524e-05
2.07721e-05
2.50552e-05
2.93945e-05
3.38176e-05
3.83109e-05
4.29026e-05
4.75721e-05
5.23452e-05
5.71944e-05
6.21394e-05
6.7145e-05
7.22224e-05
7.7329e-05
8.24661e-05
8.7586e-05
9.26818e-05
9.77045e-05
0.000102642
0.000107447
0.000112102
0.000116563
0.000120811
0.000124807
0.000128538
0.000131979
0.000135126
0.000137965
0.000140496
0.000142716
0.000144634
0.000146232
0.000147484
0.000148358
0.000148852
0.000149002
0.000148884
0.000148567
0
4.36224e-06
8.73542e-06
1.31372e-05
1.75716e-05
2.20621e-05
2.66056e-05
3.12302e-05
3.59259e-05
4.07228e-05
4.56041e-05
5.05991e-05
5.56837e-05
6.08823e-05
6.6163e-05
7.15418e-05
7.6978e-05
8.24767e-05
8.79895e-05
9.35107e-05
9.89882e-05
0.000104409
0.000109722
0.000114911
0.000119924
0.000124742
0.000129314
0.000133622
0.00013763
0.00014133
0.000144702
0.000147747
0.000150452
0.000152829
0.000154891
0.000156624
0.000157979
0.000158908
0.000159396
0.00015949
0.000159306
0.000158971
0
4.60986e-06
9.23527e-06
1.38846e-05
1.858e-05
2.33226e-05
2.81402e-05
3.30269e-05
3.8014e-05
4.30887e-05
4.8283e-05
5.35771e-05
5.89999e-05
6.45236e-05
7.01698e-05
7.59013e-05
8.17282e-05
8.76037e-05
9.35248e-05
9.9437e-05
0.000105327
0.00011114
0.000116857
0.000122426
0.000127824
0.000132998
0.000137918
0.000142537
0.000146836
0.00015079
0.000154397
0.000157645
0.000160527
0.000163051
0.000165265
0.000167147
0.000168624
0.000169613
0.000170078
0.000170074
0.000169782
0.000169429
0
4.85445e-06
9.72195e-06
1.46228e-05
1.95625e-05
2.4568e-05
2.96375e-05
3.48028e-05
4.00555e-05
4.54294e-05
5.09092e-05
5.65279e-05
6.22625e-05
6.81402e-05
7.41287e-05
8.02446e-05
8.64447e-05
9.27306e-05
9.90482e-05
0.000105385
0.000111681
0.000117916
0.000124033
0.000130011
0.000135794
0.00014135
0.00014662
0.000151569
0.000156157
0.000160377
0.000164215
0.000167676
0.000170724
0.000173384
0.000175755
0.000177814
0.00017944
0.000180503
0.000180925
0.000180761
0.000180278
0.000179902
0
5.09197e-06
1.02018e-05
1.534e-05
2.05315e-05
2.57793e-05
3.11146e-05
3.65333e-05
4.20705e-05
4.77157e-05
5.35046e-05
5.94197e-05
6.54934e-05
7.16993e-05
7.8061e-05
8.45409e-05
9.11478e-05
9.78306e-05
0.00010458
0.000111333
0.000118068
0.000124722
0.000131269
0.000137655
0.000143853
0.000149797
0.00015544
0.000160723
0.000165613
0.000170095
0.000174167
0.000177848
0.000181061
0.000183815
0.000186355
0.000188632
0.000190454
0.000191616
0.000191978
0.000191559
0.000190738
0.00019031
0
5.32575e-06
1.06668e-05
1.6046e-05
2.1471e-05
2.69717e-05
3.25487e-05
3.82372e-05
4.40313e-05
4.99689e-05
5.60376e-05
6.22744e-05
6.86591e-05
7.52223e-05
8.19336e-05
8.88102e-05
9.58075e-05
0.000102923
0.000110095
0.000117302
0.000124472
0.000131576
0.000138551
0.000145375
0.000151992
0.000158356
0.000164382
0.00017002
0.000175207
0.00017996
0.000184255
0.000188186
0.000191557
0.000194324
0.000197047
0.000199611
0.000201699
0.000203012
0.000203305
0.0002025
0.000201058
0.000200491
0
5.55157e-06
1.11234e-05
1.67283e-05
2.23938e-05
2.81254e-05
3.39575e-05
3.98888e-05
4.59582e-05
5.21585e-05
5.85298e-05
6.50584e-05
7.17809e-05
7.86748e-05
8.57663e-05
9.30197e-05
0.000100442
0.00010798
0.000115613
0.00012327
0.000130911
0.000138464
0.000145896
0.000153159
0.000160227
0.000167027
0.000173465
0.000179471
0.000184957
0.000189984
0.000194472
0.00019872
0.000202267
0.000204847
0.000207795
0.000210755
0.000213217
0.000214765
0.000215018
0.000213663
0.000211072
0.000210106
0
5.77288e-06
1.15634e-05
1.73968e-05
2.32834e-05
2.92559e-05
3.53176e-05
4.15073e-05
4.78226e-05
5.43057e-05
6.09486e-05
6.7793e-05
7.48239e-05
8.20763e-05
8.95243e-05
9.71869e-05
0.000105021
0.000113018
0.000121109
0.000129256
0.000137371
0.000145405
0.000153292
0.000161018
0.000168551
0.00017583
0.000182696
0.000189109
0.000194865
0.0002002
0.000204771
0.000209501
0.000213315
0.000215242
0.000218538
0.000222076
0.000225056
0.000226974
0.000227295
0.00022526
0.000220516
0.000218421
0
5.98537e-06
1.19934e-05
1.80391e-05
2.41529e-05
3.03429e-05
3.66466e-05
4.30662e-05
4.96447e-05
5.63791e-05
6.33148e-05
7.04436e-05
7.78077e-05
8.5391e-05
9.32244e-05
0.000101277
0.000109557
0.000118008
0.000126599
0.000135241
0.000143869
0.000152387
0.000160753
0.000168939
0.000176969
0.000184774
0.00019209
0.000198974
0.000204923
0.000210683
0.000215015
0.000220603
0.000225027
0.000226157
0.000234233
0.000245847
0.000262788
0.0002922
0.000357874
0.000564573
0.00181007
0.00121823
0
6.19255e-06
1.2405e-05
1.86652e-05
2.49857e-05
3.14021e-05
3.79211e-05
4.45849e-05
5.13953e-05
5.83995e-05
6.55951e-05
7.30299e-05
8.06962e-05
8.86356e-05
9.68303e-05
0.000105304
0.000114019
0.000122963
0.000132059
0.000141243
0.000150396
0.000159432
0.00016827
0.000176921
0.000185461
0.000193893
0.000201634
0.000209169
0.000215047
0.000221667
0.000227002
0.000244739
0.000298791
0.00606113
0.00757088
0.00817688
0.00851156
0.00874343
0.00895377
0.00924639
0.00983026
0.00958563
0
6.39008e-06
1.28051e-05
1.92623e-05
2.57947e-05
3.24132e-05
3.91585e-05
4.60366e-05
5.30946e-05
6.03352e-05
6.78094e-05
7.55167e-05
8.35067e-05
9.17732e-05
0.000100355
0.000109231
0.000118414
0.000127851
0.0001375
0.000147244
0.000156973
0.000166539
0.000175858
0.000184936
0.000193994
0.000203252
0.000211251
0.000219945
0.000230815
0.000280133
0.00600082
0.00785048
0.00933649
0.0128965
0.0147322
0.0157106
0.0163039
0.0167098
0.0170284
0.0173336
0.0176491
0.017525
0
6.58152e-06
1.31851e-05
1.98407e-05
2.65636e-05
3.33919e-05
4.03355e-05
4.74404e-05
5.47132e-05
6.22061e-05
6.99242e-05
7.79221e-05
8.62028e-05
9.4817e-05
0.00010376
0.000113065
0.000122707
0.000132678
0.000142896
0.000153261
0.000163599
0.000173739
0.000183526
0.000192963
0.000202455
0.000213055
0.000226429
0.000336145
0.00617866
0.00862916
0.012641
0.0150912
0.0171534
0.0198456
0.021703
0.0228883
0.0236709
0.0242157
0.0246166
0.0249262
0.0251315
0.0250457
0
6.76256e-06
1.3552e-05
2.03879e-05
2.73054e-05
3.43181e-05
4.14696e-05
4.87701e-05
5.62709e-05
6.39811e-05
7.19579e-05
8.02109e-05
8.87987e-05
9.77291e-05
0.000107053
0.000116767
0.000126897
0.000137406
0.00014825
0.00015928
0.0001703
0.000181059
0.000191321
0.000200968
0.000212247
0.000267828
0.00596254
0.00853071
0.0128247
0.0159373
0.0193376
0.0219766
0.024258
0.0265971
0.0284195
0.0297172
0.0306315
0.0312823
0.0317473
0.0320659
0.0322265
0.0321496
0
6.93679e-06
1.38975e-05
2.09141e-05
2.80038e-05
3.52074e-05
4.25378e-05
5.00444e-05
5.7739e-05
6.5679e-05
7.38779e-05
8.23988e-05
9.1258e-05
0.000100519
0.000110194
0.000120336
0.000130942
0.000142028
0.00015353
0.000165308
0.000177089
0.000188556
0.00019933
0.000216465
0.00536313
0.00794986
0.0123035
0.0156265
0.0193935
0.0226528
0.0258106
0.0284972
0.0308522
0.0330404
0.0348312
0.0361919
0.037196
0.0379257
0.0384409
0.0387727
0.0389168
0.0388387
0
7.09999e-06
1.42285e-05
2.14069e-05
2.86722e-05
3.60404e-05
4.35576e-05
5.1238e-05
5.91367e-05
6.72697e-05
7.57011e-05
8.44518e-05
9.3592e-05
0.000103147
0.000113186
0.00012373
0.000134829
0.000146494
0.000158722
0.000171329
0.000183992
0.000196295
0.000228164
0.00601874
0.0109198
0.0145186
0.0185142
0.0220748
0.0256494
0.0289135
0.0319591
0.0346448
0.037016
0.039135
0.0409058
0.0423041
0.0433695
0.0441573
0.044712
0.0450585
0.0451982
0.0451161
0
7.25577e-06
1.45369e-05
2.18768e-05
2.92946e-05
3.68326e-05
4.45069e-05
5.23693e-05
6.04368e-05
6.87715e-05
7.73963e-05
8.63836e-05
9.57654e-05
0.000105621
0.000115988
0.000126939
0.000138509
0.000150769
0.000163774
0.000177335
0.00019102
0.000251862
0.00615665
0.0116402
0.0164412
0.0204559
0.0243862
0.0280273
0.0315243
0.0347613
0.0377451
0.0404145
0.0427807
0.0448645
0.0466244
0.0480466
0.0491544
0.0499847
0.0505704
0.0509313
0.0510717
0.0509856
0
7.40006e-06
1.48298e-05
2.23119e-05
2.98844e-05
3.75657e-05
4.54031e-05
5.34145e-05
6.1658e-05
7.01562e-05
7.89796e-05
8.81619e-05
9.77865e-05
0.000107901
0.000118596
0.000129921
0.000141955
0.000154776
0.000168636
0.000183294
0.000265423
0.00610096
0.0117399
0.017009
0.0217469
0.0259317
0.0298694
0.0335404
0.0370014
0.0402095
0.0431537
0.0458034
0.0481578
0.0502216
0.0519759
0.0534143
0.0545517
0.0554133
0.0560232
0.0563971
0.0565404
0.0564511
0
7.53646e-06
1.50993e-05
2.27225e-05
3.04267e-05
3.8255e-05
4.62256e-05
5.4392e-05
6.27752e-05
7.14414e-05
8.04222e-05
8.97992e-05
9.96223e-05
0.00010999
0.000120971
0.000132663
0.000145117
0.000158424
0.000173214
0.000223345
0.00590338
0.0115259
0.0169605
0.0220724
0.0267558
0.0310038
0.0349564
0.0386384
0.0420789
0.0452628
0.0481789
0.0508098
0.0531513
0.0552023
0.0569538
0.0584036
0.059562
0.0604467
0.0610755
0.0614607
0.0616076
0.0615161
0
7.66112e-06
1.53525e-05
2.30975e-05
3.09346e-05
3.88834e-05
4.69918e-05
5.52798e-05
6.38072e-05
7.26019e-05
8.17397e-05
9.12663e-05
0.000101279
0.000111853
0.000123107
0.00013513
0.000147986
0.000161549
0.000187889
0.00556145
0.0110683
0.0165243
0.0218026
0.0267952
0.031427
0.03569
0.0396495
0.0433331
0.0467592
0.0499235
0.0528181
0.0554326
0.0577621
0.0598041
0.0615541
0.063012
0.0641856
0.0650876
0.0657311
0.0661258
0.0662765
0.0661838
0
7.77763e-06
1.55819e-05
2.34471e-05
3.13943e-05
3.94665e-05
4.76828e-05
5.60966e-05
6.47317e-05
7.36557e-05
8.29071e-05
9.25754e-05
0.000102728
0.000113487
0.000124964
0.000137311
0.000150601
0.000166032
0.00505918
0.0103595
0.0157583
0.021093
0.0262536
0.0311542
0.035738
0.0399938
0.0439513
0.0476308
0.0510448
0.054193
0.0570707
0.0596712
0.0619902
0.0640254
0.0657744
0.0672383
0.068423
0.069338
0.0699929
0.0703955
0.07055
0.070457
0
7.88234e-06
1.57948e-05
2.37611e-05
3.18191e-05
3.99884e-05
4.83163e-05
5.6823e-05
6.5568e-05
7.45813e-05
8.39411e-05
9.37024e-05
0.000103974
0.000114859
0.000126524
0.000139156
0.000153193
0.00417184
0.00929413
0.01463
0.0199787
0.0252313
0.0303052
0.0351344
0.0396751
0.0439141
0.0478632
0.051535
0.0549378
0.0580726
0.0609364
0.0635251
0.0658352
0.0678649
0.0696132
0.0710815
0.0722745
0.0731992
0.0738632
0.0742725
0.0744304
0.0743378
0
7.97886e-06
1.59842e-05
2.40496e-05
3.2196e-05
4.0465e-05
4.88753e-05
5.74783e-05
6.62971e-05
7.5398e-05
8.48219e-05
9.46614e-05
0.000104996
0.000115965
0.000127737
0.000140512
0.000161742
0.00729661
0.0129611
0.0184036
0.0237411
0.0289414
0.0339525
0.0387264
0.0432297
0.0474484
0.0513856
0.0550478
0.05844
0.0615631
0.0644154
0.0669941
0.0692968
0.0713221
0.0730697
0.0745411
0.0757403
0.0766726
0.0773438
0.0777586
0.0779199
0.0778283
0
8.06373e-06
1.6157e-05
2.4303e-05
3.25384e-05
4.08818e-05
4.93781e-05
5.80456e-05
6.69398e-05
7.60889e-05
8.55684e-05
9.5436e-05
0.000105803
0.000116782
0.000128603
0.000141728
0.00423055
0.0104445
0.0162133
0.021722
0.0270604
0.0322274
0.0371933
0.0419247
0.0463961
0.0505946
0.0545184
0.0581702
0.0615522
0.0646651
0.0675077
0.0700781
0.0723745
0.0743962
0.0761432
0.077617
0.0788209
0.0797591
0.0804361
0.0808557
0.0810201
0.08093
0
8.14055e-06
1.63069e-05
2.45316e-05
3.28344e-05
4.1255e-05
4.98095e-05
5.85452e-05
6.74807e-05
7.66758e-05
8.61675e-05
9.60452e-05
0.000106388
0.000117309
0.000129009
0.000145561
0.00705959
0.0132558
0.0190646
0.0246086
0.029949
0.0350939
0.0400271
0.0447258
0.0491708
0.0533506
0.0572612
0.0609024
0.0642751
0.0673791
0.0702135
0.072777
0.0750683
0.0770871
0.0788335
0.0803091
0.0815166
0.0824595
0.0831413
0.083565
0.0837325
0.0836442
0
8.20601e-06
1.64407e-05
2.47261e-05
3.30975e-05
4.15712e-05
5.01884e-05
5.89629e-05
6.79423e-05
7.71469e-05
8.66418e-05
9.64817e-05
0.000106777
0.000117557
0.00012819
0.00359996
0.00964743
0.0157104
0.0215168
0.0270753
0.0324155
0.0375449
0.0424543
0.047128
0.0515516
0.0557149
0.0596133
0.0632448
0.0666091
0.0697055
0.072533
0.0750908
0.077378
0.0793944
0.0811404
0.0826174
0.0838278
0.0847745
0.0854602
0.0858876
0.086058
0.085972
0
8.26369e-06
1.65522e-05
2.4897e-05
3.33163e-05
4.18469e-05
5.05013e-05
5.93201e-05
6.83134e-05
7.75272e-05
8.69847e-05
9.67673e-05
0.000106989
0.000117863
0.000129253
0.00565629
0.0117368
0.0177626
0.0235642
0.0291275
0.0344658
0.0395838
0.0444756
0.0491305
0.053537
0.0576867
0.0615743
0.0651974
0.0685543
0.0716443
0.0744663
0.0770196
0.0793035
0.081318
0.0830637
0.084542
0.0857548
0.0867045
0.0873937
0.0878243
0.0879976
0.087914
0
8.31036e-06
1.66485e-05
2.50353e-05
3.35043e-05
4.20694e-05
5.07671e-05
5.96047e-05
6.86183e-05
7.78111e-05
8.72234e-05
9.68903e-05
0.000106977
0.000117983
0.000131247
0.00702485
0.0133524
0.0194014
0.0252036
0.030768
0.0361034
0.0412128
0.046092
0.0507328
0.0551263
0.059265
0.063144
0.0667599
0.0701109
0.0731958
0.0760135
0.0785633
0.0808447
0.0828579
0.0846035
0.0860829
0.0872977
0.0882501
0.0889422
0.0893758
0.089552
0.0894711
0
8.34956e-06
1.67232e-05
2.51512e-05
3.36504e-05
4.22549e-05
5.09732e-05
5.98387e-05
6.88492e-05
7.80287e-05
8.73629e-05
9.68739e-05
0.000106638
0.000117313
0.000134015
0.00809887
0.0145731
0.0206346
0.0264351
0.0319981
0.0373306
0.0424337
0.0473039
0.0519348
0.0563189
0.0604495
0.0643218
0.0679324
0.0712789
0.07436
0.0771745
0.0797218
0.0820016
0.084014
0.0857598
0.0872402
0.0884568
0.0894115
0.0901063
0.0905426
0.0907216
0.0906436
0
8.37803e-06
1.67832e-05
2.52357e-05
3.37676e-05
4.23908e-05
5.11383e-05
6.00106e-05
6.90318e-05
7.81814e-05
8.74499e-05
9.6761e-05
0.000105984
0.000114591
0.00295019
0.00920311
0.0154461
0.0214676
0.0272586
0.0328187
0.0381486
0.0432475
0.048112
0.0527366
0.0571145
0.0612399
0.0651078
0.0687147
0.0720583
0.0751369
0.0779495
0.0804953
0.0827742
0.0847864
0.0865325
0.0880139
0.0892321
0.0901889
0.090886
0.091325
0.0915068
0.0914317
0
8.39926e-06
1.68222e-05
2.52987e-05
3.38446e-05
4.24928e-05
5.12489e-05
6.01414e-05
6.91583e-05
7.83028e-05
8.75126e-05
9.66866e-05
0.000105541
0.000113456
0.00407269
0.0098177
0.0159043
0.0218895
0.027672
0.0332298
0.0385581
0.0436549
0.0485167
0.0531381
0.0575131
0.0616359
0.0655016
0.0691068
0.0724491
0.0755266
0.0783383
0.0808837
0.0831624
0.0851748
0.0869216
0.0884041
0.0896237
0.0905824
0.0912817
0.0917231
0.0919077
0.0918357
0
8.40987e-06
1.68469e-05
2.53309e-05
3.3894e-05
4.25471e-05
5.13223e-05
6.02173e-05
6.92511e-05
7.83907e-05
8.75972e-05
9.67168e-05
0.000105433
0.000113051
0.00407452
0.00981922
0.0159055
0.0218906
0.0276732
0.0332309
0.0385593
0.0436562
0.048518
0.0531395
0.0575146
0.0616375
0.0655033
0.0691087
0.0724512
0.075529
0.0783411
0.0808869
0.0831662
0.0851794
0.0869271
0.0884107
0.0896317
0.0905919
0.0912932
0.091737
0.0919243
0.0918555
0
8.41329e-06
1.68505e-05
2.53419e-05
3.39033e-05
4.25684e-05
5.13428e-05
6.02558e-05
6.92955e-05
7.84658e-05
8.77029e-05
9.68961e-05
0.000105707
0.000113255
0.00295658
0.00920768
0.0154498
0.021471
0.027262
0.0328223
0.0381523
0.0432514
0.0481161
0.0527408
0.0571189
0.0612446
0.0651129
0.0687203
0.0720646
0.075144
0.0779577
0.0805049
0.0827856
0.0847999
0.0865488
0.0880336
0.0892558
0.0902175
0.0909205
0.0913664
0.0915563
0.0914908
