47 42
0
0
0
0
0
0
0
0
0
0
0
0
0
0
0
0
0
0
0
0
0
0
0
0
0
0
0
0
0
0
0
0
0
0
0
0
0
0
0
0
0
0
9.67436e-06
9.67485e-06
9.65561e-06
9.61711e-06
9.55952e-06
9.48338e-06
9.38905e-06
9.27726e-06
9.14862e-06
9.00392e-06
8.84377e-06
8.6688e-06
8.47942e-06
8.27609e-06
8.05914e-06
7.82903e-06
7.58619e-06
7.33127e-06
7.06496e-06
6.78819e-06
6.5019e-06
6.20726e-06
5.90537e-06
5.59754e-06
5.2849e-06
4.96874e-06
4.65012e-06
4.33017e-06
4.00978e-06
3.68985e-06
3.37102e-06
3.05391e-06
2.73885e-06
2.42618e-06
2.11595e-06
1.80821e-06
1.50278e-06
1.19947e-06
8.97943e-07
5.97826e-07
2.98666e-07
0
1.93558e-05
1.93565e-05
1.93181e-05
1.92408e-05
1.91257e-05
1.89731e-05
1.87843e-05
1.85604e-05
1.83029e-05
1.80132e-05
1.76928e-05
1.73426e-05
1.69638e-05
1.65569e-05
1.61229e-05
1.56625e-05
1.51766e-05
1.46665e-05
1.41336e-05
1.35797e-05
1.30068e-05
1.2417e-05
1.18129e-05
1.11967e-05
1.05711e-05
9.93829e-06
9.30074e-06
8.66044e-06
8.01944e-06
7.37928e-06
6.74149e-06
6.10706e-06
5.47691e-06
4.85147e-06
4.23106e-06
3.61557e-06
3.00484e-06
2.3983e-06
1.7954e-06
1.19531e-06
5.97162e-07
0
2.90511e-05
2.90521e-05
2.8994e-05
2.8878e-05
2.87048e-05
2.84756e-05
2.81918e-05
2.78554e-05
2.74685e-05
2.70334e-05
2.65522e-05
2.60266e-05
2.54579e-05
2.48474e-05
2.4196e-05
2.35049e-05
2.27756e-05
2.20098e-05
2.12096e-05
2.03779e-05
1.95175e-05
1.86319e-05
1.77245e-05
1.67993e-05
1.58597e-05
1.49096e-05
1.39523e-05
1.29911e-05
1.20287e-05
1.1068e-05
1.01107e-05
9.15877e-06
8.21325e-06
7.27505e-06
6.34438e-06
5.42133e-06
4.50537e-06
3.5959e-06
2.69185e-06
1.79212e-06
8.95305e-07
0
3.87677e-05
3.87682e-05
3.86905e-05
3.85351e-05
3.83037e-05
3.79972e-05
3.76179e-05
3.7168e-05
3.6651e-05
3.60697e-05
3.54272e-05
3.47256e-05
3.39668e-05
3.31521e-05
3.2283e-05
3.13608e-05
3.03874e-05
2.93651e-05
2.82969e-05
2.71861e-05
2.60372e-05
2.48543e-05
2.36426e-05
2.24068e-05
2.11522e-05
1.98833e-05
1.86052e-05
1.73219e-05
1.60376e-05
1.47553e-05
1.34781e-05
1.22081e-05
1.09471e-05
9.69589e-06
8.45512e-06
7.22451e-06
6.00369e-06
4.79153e-06
3.58683e-06
2.38788e-06
1.19293e-06
0
4.8512e-05
4.85122e-05
4.84139e-05
4.82193e-05
4.79288e-05
4.75446e-05
4.70685e-05
4.65045e-05
4.5856e-05
4.51277e-05
4.43229e-05
4.34448e-05
4.24952e-05
4.14761e-05
4.03886e-05
3.92347e-05
3.80163e-05
3.67366e-05
3.53989e-05
3.40079e-05
3.25686e-05
3.1087e-05
2.9569e-05
2.80211e-05
2.64494e-05
2.48605e-05
2.32599e-05
2.16534e-05
2.00455e-05
1.8441e-05
1.68429e-05
1.52545e-05
1.36774e-05
1.21132e-05
1.05622e-05
9.02437e-06
7.49889e-06
5.98462e-06
4.47973e-06
2.98227e-06
1.48984e-06
0
5.82918e-05
5.82902e-05
5.81717e-05
5.79366e-05
5.75871e-05
5.71239e-05
5.65504e-05
5.58703e-05
5.50893e-05
5.42124e-05
5.32445e-05
5.21889e-05
5.10482e-05
4.98238e-05
4.85176e-05
4.71311e-05
4.56669e-05
4.41283e-05
4.25198e-05
4.08465e-05
3.91151e-05
3.73323e-05
3.5506e-05
3.36435e-05
3.1753e-05
2.98416e-05
2.79168e-05
2.59851e-05
2.40526e-05
2.21242e-05
2.02045e-05
1.82967e-05
1.64034e-05
1.45257e-05
1.26647e-05
1.08198e-05
8.99025e-06
7.17433e-06
5.37009e-06
3.57484e-06
1.78585e-06
0
6.8113e-05
6.811e-05
6.79697e-05
6.76948e-05
6.72849e-05
6.67423e-05
6.60693e-05
6.52718e-05
6.4356e-05
6.33292e-05
6.21968e-05
6.09632e-05
5.96304e-05
5.82006e-05
5.66747e-05
5.50549e-05
5.33435e-05
5.15447e-05
4.96632e-05
4.77057e-05
4.56794e-05
4.35932e-05
4.14555e-05
3.9276e-05
3.70636e-05
3.48276e-05
3.2576e-05
3.03172e-05
2.80579e-05
2.58045e-05
2.35618e-05
2.1334e-05
1.91236e-05
1.69326e-05
1.47614e-05
1.26099e-05
1.04767e-05
8.36006e-06
6.25721e-06
4.16528e-06
2.08074e-06
0
7.79839e-05
7.79773e-05
7.78158e-05
7.74997e-05
7.70299e-05
7.64062e-05
7.56324e-05
7.47146e-05
7.36619e-05
7.24828e-05
7.11849e-05
6.9772e-05
6.8247e-05
6.66108e-05
6.4865e-05
6.30107e-05
6.10511e-05
5.899e-05
5.68335e-05
5.45888e-05
5.22651e-05
4.98718e-05
4.742e-05
4.49199e-05
4.23828e-05
3.98187e-05
3.7238e-05
3.46494e-05
3.20614e-05
2.94809e-05
2.6914e-05
2.43649e-05
2.18372e-05
1.93324e-05
1.68514e-05
1.43935e-05
1.19575e-05
9.5408e-06
7.14059e-06
4.75306e-06
2.37432e-06
0
8.791e-05
8.78999e-05
8.77155e-05
8.73591e-05
8.68284e-05
8.61232e-05
8.52457e-05
8.4205e-05
8.30119e-05
8.16786e-05
8.0213e-05
7.86204e-05
7.69024e-05
7.50599e-05
7.30931e-05
7.10037e-05
6.8794e-05
6.6469e-05
6.40346e-05
6.15e-05
5.88749e-05
5.61713e-05
5.34011e-05
5.0577e-05
4.77112e-05
4.4816e-05
4.19025e-05
3.89815e-05
3.60621e-05
3.31528e-05
3.02598e-05
2.73887e-05
2.45426e-05
2.1724e-05
1.89331e-05
1.61696e-05
1.34314e-05
1.07159e-05
8.0194e-06
5.33782e-06
2.66632e-06
0
9.78996e-05
9.78828e-05
9.76762e-05
9.72792e-05
9.66887e-05
9.59001e-05
9.49169e-05
9.37486e-05
9.24116e-05
9.09204e-05
8.9286e-05
8.75127e-05
8.56018e-05
8.35523e-05
8.13645e-05
7.90387e-05
7.65778e-05
7.39861e-05
7.12712e-05
6.84426e-05
6.55126e-05
6.2494e-05
5.94014e-05
5.62485e-05
5.30502e-05
4.98195e-05
4.65699e-05
4.33128e-05
4.00595e-05
3.68186e-05
3.35981e-05
3.04033e-05
2.72386e-05
2.41056e-05
2.10053e-05
1.79366e-05
1.48974e-05
1.18842e-05
8.8931e-06
5.91896e-06
2.95654e-06
0
0.000107958
0.000107933
0.000107703
0.000107268
0.000106618
0.000105746
0.000104652
0.000103352
0.000101865
0.000100213
9.84075e-05
9.64536e-05
9.43495e-05
9.20937e-05
8.96842e-05
8.71215e-05
8.44072e-05
8.15467e-05
7.85475e-05
7.54212e-05
7.21811e-05
6.8843e-05
6.54225e-05
6.19364e-05
5.84002e-05
5.48299e-05
5.12396e-05
4.76432e-05
4.40522e-05
4.04776e-05
3.69272e-05
3.34077e-05
2.99231e-05
2.6476e-05
2.30663e-05
1.96934e-05
1.63541e-05
1.30449e-05
9.76071e-06
6.49608e-06
3.24465e-06
0
0.000118092
0.000118055
0.000117803
0.000117331
0.000116626
0.000115669
0.000114461
0.00011302
0.000111377
0.000109559
0.000107582
0.000105447
0.000103151
0.000100689
9.80579e-05
9.52572e-05
9.22884e-05
8.91558e-05
8.58687e-05
8.24394e-05
7.88843e-05
7.52205e-05
7.1467e-05
6.76415e-05
6.37626e-05
5.98471e-05
5.59118e-05
5.19712e-05
4.80396e-05
4.41278e-05
4.02457e-05
3.63996e-05
3.25948e-05
2.88329e-05
2.51147e-05
2.14382e-05
1.78005e-05
1.41967e-05
1.06216e-05
7.06845e-06
3.53044e-06
0
0.000128307
0.000128254
0.000127978
0.000127478
0.000126722
0.000125681
0.000124351
0.00012276
0.00012095
0.000118961
0.000116811
0.000114497
0.00011201
0.000109343
0.000106491
0.000103452
0.000100227
9.68194e-05
9.32395e-05
8.95022e-05
8.56253e-05
8.163e-05
7.75364e-05
7.33658e-05
6.91375e-05
6.48715e-05
6.05854e-05
5.62966e-05
5.20196e-05
4.77679e-05
4.35511e-05
3.93774e-05
3.5251e-05
3.11748e-05
2.71482e-05
2.31696e-05
1.92347e-05
1.53386e-05
1.14746e-05
7.63563e-06
3.81351e-06
0
0.000138609
0.00013853
0.000138234
0.000137714
0.000136918
0.000135794
0.000134334
0.000132577
0.000130586
0.000128419
0.000126098
0.000123608
0.000120933
0.000118062
0.00011499
0.000111713
0.000108229
0.000104543
0.000100666
9.66136e-05
9.24084e-05
8.80736e-05
8.36333e-05
7.91099e-05
7.45261e-05
6.99027e-05
6.52604e-05
6.06174e-05
5.59912e-05
5.13954e-05
4.68419e-05
4.23381e-05
3.789e-05
3.34989e-05
2.91651e-05
2.48853e-05
2.06555e-05
1.64691e-05
1.2319e-05
8.19677e-06
4.09361e-06
0
0.000149002
0.000148884
0.000148567
0.000148047
0.000147229
0.000146025
0.00014442
0.000142475
0.000140285
0.000137932
0.000135443
0.000132785
0.000129925
0.000126852
0.000123561
0.000120046
0.000116303
0.000112335
0.000108154
0.000103779
9.92367e-05
9.45546e-05
8.97589e-05
8.48756e-05
7.99283e-05
7.49409e-05
6.99351e-05
6.49327e-05
5.99517e-05
5.50084e-05
5.01147e-05
4.52798e-05
4.05085e-05
3.58033e-05
3.11627e-05
2.65839e-05
2.20608e-05
1.75869e-05
1.31535e-05
8.75133e-06
4.37029e-06
0
0.00015949
0.000159306
0.000158971
0.000158484
0.000157676
0.000156396
0.000154627
0.00015246
0.00015004
0.000147492
0.000144848
0.000142032
0.000138991
0.000135719
0.000132211
0.000128458
0.000124455
0.000120201
0.000115709
0.000111003
0.000106114
0.000101075
9.59157e-05
9.06634e-05
8.53449e-05
7.9985e-05
7.46092e-05
6.92401e-05
6.38994e-05
5.86037e-05
5.33673e-05
4.81988e-05
4.31043e-05
3.80847e-05
3.3139e-05
2.82625e-05
2.34492e-05
1.86904e-05
1.39771e-05
9.29837e-06
4.64327e-06
0
0.000170074
0.000169782
0.000169429
0.000169035
0.000168287
0.000166941
0.000164973
0.000162533
0.00015984
0.000157087
0.000154314
0.000151358
0.000148138
0.00014467
0.000140947
0.000136959
0.000132695
0.000128151
0.00012334
0.000118292
0.000113045
0.000107638
0.000102105
9.64749e-05
9.07757e-05
8.50353e-05
7.92805e-05
7.35381e-05
6.78307e-05
6.21785e-05
5.65955e-05
5.10923e-05
4.56733e-05
4.03404e-05
3.50907e-05
2.99193e-05
2.48181e-05
1.97782e-05
1.47884e-05
9.83723e-06
4.91203e-06
0
0.000180761
0.000180278
0.000179902
0.00017971
0.00017911
0.000177702
0.000175486
0.000172695
0.000169661
0.000166688
0.000163843
0.000160777
0.000157373
0.000153709
0.000149775
0.000145556
0.000141034
0.000136196
0.000131054
0.000125649
0.000120031
0.000114245
0.000108328
0.00010231
9.62213e-05
9.00901e-05
8.39479e-05
7.78233e-05
7.17432e-05
6.57287e-05
5.97963e-05
5.39557e-05
4.82125e-05
4.25666e-05
3.70152e-05
3.1551e-05
2.61657e-05
2.08481e-05
1.55863e-05
1.03669e-05
5.17623e-06
0
0.000191559
0.000190738
0.00019031
0.000190529
0.000190215
0.000188748
0.000186199
0.000182943
0.000179462
0.000176243
0.000173451
0.000170314
0.000166699
0.000162844
0.000158704
0.000154261
0.000149484
0.000144346
0.000138861
0.000133082
0.000127077
0.000120899
0.000114587
0.000108171
0.000101681
9.51494e-05
8.86087e-05
8.20933e-05
7.56323e-05
6.92504e-05
6.29643e-05
5.67853e-05
5.07172e-05
4.47601e-05
3.89087e-05
3.31554e-05
2.74894e-05
2.18986e-05
1.63691e-05
1.08865e-05
5.43531e-06
0
0.0002025
0.000201058
0.000200491
0.000201535
0.000201726
0.000200174
0.000197161
0.00019327
0.00018917
0.000185649
0.00018318
0.000180019
0.000176109
0.000172078
0.000167739
0.000163082
0.000158061
0.000152619
0.00014677
0.000140595
0.000134184
0.000127599
0.000120882
0.000114058
0.000107157
0.000100211
9.3261e-05
8.63437e-05
7.9494e-05
7.27381e-05
6.60953e-05
5.95755e-05
5.31833e-05
4.69161e-05
4.0768e-05
3.47289e-05
2.87869e-05
2.29274e-05
1.71357e-05
1.1395e-05
5.68888e-06
0
0.000213663
0.000211072
0.000210106
0.000212842
0.000213848
0.000212113
0.000208432
0.000203671
0.000198674
0.000194686
0.000193153
0.000189988
0.000185561
0.000181422
0.000176885
0.000172032
0.000166785
0.000161034
0.000154794
0.000148191
0.00014135
0.000134347
0.000127214
0.000119972
0.000112647
0.000105275
9.79014e-05
9.05708e-05
8.33223e-05
7.61865e-05
6.91825e-05
6.23214e-05
5.56051e-05
4.90306e-05
4.25888e-05
3.62686e-05
3.00551e-05
2.39328e-05
1.78841e-05
1.18915e-05
5.93632e-06
0
0.00022526
0.000220516
0.000218421
0.000224755
0.000226933
0.000224736
0.000220082
0.000214154
0.000207825
0.00020286
0.000203698
0.000200399
0.000194913
0.000190904
0.000186142
0.000181121
0.000175686
0.000169622
0.000162945
0.00015587
0.000148575
0.00014114
0.000133584
0.000125915
0.000118154
0.00011034
0.000102527
9.47687e-05
8.71116e-05
7.95882e-05
7.22201e-05
6.5016e-05
5.79776e-05
5.1098e-05
4.43673e-05
3.77704e-05
3.12915e-05
2.4912e-05
1.8613e-05
1.23747e-05
6.17721e-06
0
0.000564573
0.00181007
0.00121823
0.00058638
0.000372614
0.000293623
0.000257461
0.000236083
0.000220593
0.000209617
0.000215695
0.000211579
0.000203747
0.000200651
0.00019549
0.000190355
0.000184808
0.000178424
0.000171237
0.000163626
0.000155849
0.000147975
0.000139995
0.000131891
0.000123679
0.000115404
0.000107133
9.89317e-05
9.08534e-05
8.29359e-05
7.51995e-05
6.7653e-05
6.02938e-05
5.31137e-05
4.60983e-05
3.92313e-05
3.24928e-05
2.58631e-05
1.93205e-05
1.28438e-05
6.41088e-06
0
0.00924639
0.00983026
0.00958563
0.00915817
0.00885269
0.00857851
0.00822889
0.00762498
0.00614744
0.000558202
0.000304817
0.000237756
0.000212514
0.000211122
0.00020483
0.000199734
0.000194223
0.000187509
0.000179677
0.00017144
0.000163156
0.000154848
0.000146448
0.000137906
0.000129226
0.000120467
0.000111715
0.000103051
9.45393e-05
8.62195e-05
7.81128e-05
7.02237e-05
6.25476e-05
5.50711e-05
4.77777e-05
4.06466e-05
3.36562e-05
2.67834e-05
2.0005e-05
1.32973e-05
6.6369e-06
0
0.0173336
0.0176491
0.017525
0.0171948
0.0168294
0.0163974
0.0157971
0.014828
0.0130253
0.00953739
0.00797613
0.0061098
0.00048172
0.000271811
0.000219088
0.000209259
0.000204062
0.000196987
0.000188259
0.000179271
0.000170473
0.000161753
0.000152952
0.000143969
0.0001348
0.000125528
0.000116265
0.000107117
9.81573e-05
8.94288e-05
8.09491e-05
7.27201e-05
6.47308e-05
5.69647e-05
4.93998e-05
4.20128e-05
3.47781e-05
2.76707e-05
2.06646e-05
1.37344e-05
6.85458e-06
0
0.0249262
0.0251315
0.0250457
0.0247527
0.0243383
0.0237842
0.0230034
0.0218322
0.020003
0.0173476
0.0152619
0.0128099
0.00883638
0.00635755
0.00070533
0.000290215
0.000221062
0.000207045
0.000196933
0.000187034
0.000177762
0.000168686
0.000159519
0.000150097
0.000140412
0.000130585
0.000120776
0.000111117
0.000101695
9.25503e-05
8.3698e-05
7.51318e-05
6.6836e-05
5.87872e-05
5.09597e-05
4.33251e-05
3.58556e-05
2.85223e-05
2.12976e-05
1.41536e-05
7.06346e-06
0
0.0320659
0.0322265
0.0321496
0.0318636
0.0314066
0.0307608
0.0298569
0.0285772
0.0267803
0.0244666
0.0221848
0.0195523
0.0161736
0.0130647
0.00883176
0.00613828
0.00045913
0.000252213
0.000207362
0.000194578
0.000184983
0.000175651
0.000166176
0.000156317
0.000146073
0.000135636
0.000125233
0.000115034
0.000105134
9.55697e-05
8.63459e-05
7.7449e-05
6.88541e-05
6.05324e-05
5.24516e-05
4.45799e-05
3.68849e-05
2.93359e-05
2.19021e-05
1.45541e-05
7.2629e-06
0
0.0387727
0.0389168
0.0388387
0.0385463
0.0380527
0.0373394
0.0363534
0.0350148
0.0332495
0.0310845
0.0287405
0.0260658
0.0229246
0.0196746
0.0159249
0.0125418
0.00816187
0.00548377
0.000268486
0.000206849
0.000192112
0.000182666
0.000172968
0.000162671
0.000151803
0.000140676
0.000129618
0.000118846
0.000108455
9.84691e-05
8.88795e-05
7.96598e-05
7.07768e-05
6.21926e-05
5.38703e-05
4.57723e-05
3.78633e-05
3.01089e-05
2.24766e-05
1.49346e-05
7.45246e-06
0
0.0450585
0.0451982
0.0451161
0.0448127
0.0442888
0.0435265
0.042486
0.0411142
0.0393707
0.0372764
0.034923
0.0322533
0.0292233
0.025969
0.0223977
0.0188031
0.0147742
0.0111131
0.00615651
0.000323708
0.000209911
0.000189771
0.00017997
0.000169227
0.000157623
0.000145691
0.000133904
0.000122525
0.000111634
0.00010123
9.12828e-05
8.17528e-05
7.2594e-05
6.37613e-05
5.521e-05
4.68986e-05
3.87872e-05
3.08392e-05
2.30192e-05
1.52942e-05
7.63153e-06
0
0.0509313
0.0510717
0.0509856
0.0506708
0.0501227
0.0493252
0.0482487
0.0468575
0.0451279
0.0430717
0.0407283
0.0380786
0.0351114
0.0318847
0.0283881
0.0247257
0.0207654
0.016705
0.0118591
0.00634076
0.000427571
0.000212368
0.000187302
0.000176085
0.00016356
0.000150655
0.000138045
0.000126033
0.000114642
0.000103829
9.35401e-05
8.3715e-05
7.42971e-05
6.52309e-05
5.64658e-05
4.79543e-05
3.9654e-05
3.15244e-05
2.35288e-05
1.56317e-05
7.79974e-06
0
0.0563971
0.0565404
0.0564511
0.0561262
0.0555595
0.054737
0.0536366
0.052234
0.0505138
0.0484813
0.0461541
0.0435277
0.0406023
0.0374061
0.033947
0.0302624
0.0263007
0.0220809
0.0173055
0.0120033
0.00634264
0.000494492
0.000209467
0.000183403
0.000169629
0.000155515
0.000141977
0.000129323
0.000117447
0.000106246
9.56339e-05
8.55347e-05
7.58764e-05
6.6595e-05
5.76321e-05
4.89363e-05
4.04604e-05
3.21627e-05
2.40035e-05
1.59465e-05
7.95657e-06
0
0.0614607
0.0616076
0.0615161
0.0611832
0.0606027
0.0597627
0.0586467
0.0572375
0.0555244
0.0535088
0.0511988
0.048595
0.0457008
0.0425316
0.0390961
0.0354068
0.0314364
0.0271608
0.0224451
0.0172994
0.0118304
0.00616044
0.000362341
0.000199145
0.000175817
0.000160172
0.0001456
0.000132338
0.000120015
0.000108455
9.75481e-05
8.71991e-05
7.73237e-05
6.7847e-05
5.8705e-05
4.98407e-05
4.12047e-05
3.27521e-05
2.44425e-05
1.62376e-05
8.10175e-06
0
0.0661258
0.0662765
0.0661838
0.0658451
0.0652545
0.0644026
0.0632767
0.0618642
0.0601573
0.0581552
0.0558617
0.0532785
0.0504094
0.0472634
0.0438465
0.0401612
0.0361897
0.0319051
0.0272445
0.0222172
0.0168961
0.0113782
0.00576482
0.00025298
0.000184046
0.000164453
0.000148761
0.000135025
0.000122315
0.000110435
9.92661e-05
8.86976e-05
7.86306e-05
6.89819e-05
5.968e-05
5.06652e-05
4.18843e-05
3.32916e-05
2.48445e-05
1.65046e-05
8.23488e-06
0
0.0703955
0.07055
0.070457
0.0701143
0.0695169
0.0686572
0.0675254
0.0661121
0.064411
0.0624205
0.0601421
0.0575775
0.0547297
0.051604
0.0482038
0.044528
0.0405641
0.0362919
0.0316824
0.0267469
0.0215391
0.0161368
0.0106384
0.00521453
0.000196572
0.000167816
0.000151236
0.000137351
0.000124324
0.000112165
0.000100774
9.00197e-05
7.9791e-05
6.99945e-05
6.05546e-05
5.14072e-05
4.24982e-05
3.37797e-05
2.52091e-05
1.67469e-05
8.35584e-06
0
0.0742725
0.0744304
0.0743378
0.0739928
0.0733912
0.0725268
0.071392
0.0699795
0.0682843
0.0663043
0.0640398
0.0614919
0.0586628
0.0555555
0.0521715
0.0485088
0.0445586
0.0403081
0.035745
0.0308817
0.025759
0.0204371
0.014993
0.00954021
0.00429247
0.000159543
0.000152766
0.000139376
0.000126027
0.000113626
0.000102057
9.11577e-05
8.07993e-05
7.08823e-05
6.13262e-05
5.20657e-05
4.30449e-05
3.4216e-05
2.55356e-05
1.69642e-05
8.46437e-06
0
0.0777586
0.0779199
0.0778283
0.0774823
0.0768784
0.0760116
0.074876
0.0734657
0.0717765
0.0698062
0.0675545
0.0650218
0.0622095
0.0591192
0.0557514
0.052104
0.0481712
0.0439457
0.0394238
0.0346176
0.029558
0.0242886
0.0188583
0.0133009
0.00750344
0.000205324
0.000159011
0.000141386
0.000127398
0.000114794
0.000103106
9.21055e-05
8.16529e-05
7.16431e-05
6.19944e-05
5.26398e-05
4.35245e-05
3.45999e-05
2.58238e-05
1.71564e-05
8.5605e-06
0
0.0808557
0.0810201
0.08093
0.0805841
0.0799795
0.0791121
0.0779772
0.0765701
0.0748871
0.0729261
0.0706862
0.0681675
0.0653706
0.0622963
0.0589445
0.0553135
0.0513997
0.0471996
0.0427137
0.0379529
0.0329402
0.0277056
0.0222763
0.0166534
0.0107482
0.00437577
0.000149025
0.00014212
0.000128284
0.00011564
0.000103912
9.28614e-05
8.23507e-05
7.22773e-05
6.25589e-05
5.31303e-05
4.39368e-05
3.4932e-05
2.60738e-05
1.73235e-05
8.64413e-06
0
0.083565
0.0837325
0.0836442
0.0832992
0.0826951
0.0818286
0.0806956
0.0792924
0.0776158
0.0756636
0.0734348
0.0709291
0.0681465
0.0650873
0.0617511
0.0581368
0.0542424
0.0500667
0.0456119
0.0408875
0.0359103
0.0307001
0.0252707
0.0196128
0.0136641
0.00729925
0.000173777
0.000145571
0.00012875
0.000116165
0.000104481
9.34273e-05
8.28953e-05
7.27866e-05
6.3022e-05
5.35379e-05
4.42831e-05
3.52124e-05
2.6286e-05
1.74657e-05
8.71545e-06
0
0.0858876
0.086058
0.085972
0.0856286
0.085026
0.0841612
0.0830311
0.0816324
0.0799623
0.0780187
0.0758004
0.0733067
0.0705375
0.0674926
0.0641716
0.0605737
0.0566981
0.0525449
0.0481171
0.0434223
0.0384728
0.0332812
0.0278542
0.0221823
0.0162336
0.00999659
0.00374788
0.000133264
0.00012773
0.000116373
0.000104829
9.38103e-05
8.32909e-05
7.31754e-05
6.33862e-05
5.38652e-05
4.45644e-05
3.54425e-05
2.64608e-05
1.75833e-05
8.7745e-06
0
0.0878243
0.0879976
0.087914
0.0875729
0.0869724
0.0861103
0.0849838
0.0835901
0.0819265
0.0799912
0.0777828
0.0753005
0.0725438
0.0695123
0.0662058
0.0626237
0.0587659
0.0546332
0.0502286
0.0455583
0.040631
0.0354548
0.0300328
0.0243574
0.018412
0.012205
0.00590343
0.000137837
0.000128754
0.000116647
0.000104993
9.40176e-05
8.3545e-05
7.34493e-05
6.36566e-05
5.4115e-05
4.47832e-05
3.5623e-05
2.65992e-05
1.76767e-05
8.82157e-06
0
0.0893758
0.089552
0.0894711
0.0891325
0.0885349
0.0876761
0.0865537
0.0851652
0.0835083
0.0815811
0.0793821
0.0769104
0.0741654
0.0711466
0.0678538
0.0642866
0.0604452
0.0563309
0.0519464
0.0472966
0.0423876
0.0372249
0.0318097
0.0261359
0.02019
0.0139539
0.00737739
0.000142521
0.000130841
0.000116761
0.000104918
9.40488e-05
8.36663e-05
7.36172e-05
6.38385e-05
5.42914e-05
4.49414e-05
3.57559e-05
2.67018e-05
1.77465e-05
8.85681e-06
0
0.0905426
0.0907216
0.0906436
0.090308
0.0897136
0.0888585
0.0877407
0.0863578
0.0847076
0.0827882
0.0805982
0.0781365
0.0754024
0.0723955
0.0691153
0.0655619
0.0617357
0.0576377
0.0532706
0.0486381
0.0437447
0.0385941
0.0331869
0.0275187
0.021578
0.0153296
0.00858927
0.000160234
0.000133805
0.00011609
0.000104501
9.39088e-05
8.3671e-05
7.36898e-05
6.39394e-05
5.43983e-05
4.50421e-05
3.58425e-05
2.677e-05
1.77932e-05
8.88055e-06
0
0.091325
0.0915068
0.0914317
0.0910994
0.0905086
0.0896578
0.0885449
0.0871677
0.0855242
0.0836124
0.0814309
0.0789787
0.0762548
0.0732588
0.0699904
0.0664497
0.062637
0.0585535
0.0542014
0.0495836
0.0447036
0.039564
0.0341654
0.0285062
0.0225821
0.0163856
0.00990099
0.00328563
0.000117898
0.000113269
0.000103734
9.36447e-05
8.35852e-05
7.36816e-05
6.39666e-05
5.44405e-05
4.50875e-05
3.58847e-05
2.68044e-05
1.78174e-05
8.89298e-06
0
0.0917231
0.0919077
0.0918357
0.0915068
0.0909201
0.0900738
0.0889661
0.0875949
0.085958
0.0840536
0.0818803
0.0794368
0.0767224
0.0737365
0.0704789
0.0669496
0.0631491
0.0590783
0.0547391
0.0501339
0.0452653
0.0401355
0.0347454
0.0290956
0.0231902
0.0170504
0.0107655
0.00470674
0.000118883
0.000112169
0.000103161
9.337e-05
8.34449e-05
7.36069e-05
6.39278e-05
5.44217e-05
4.50804e-05
3.58836e-05
2.68061e-05
1.78196e-05
8.89442e-06
0
0.091737
0.0919243
0.0918555
0.0915303
0.0909478
0.0901064
0.0890042
0.0876391
0.0860089
0.0841118
0.0819462
0.0795109
0.0768052
0.0738285
0.0705806
0.0670616
0.0632718
0.0592121
0.0548839
0.0502893
0.0454304
0.0403091
0.0349264
0.0292839
0.0233888
0.0172737
0.0110577
0.00511779
0.000119219
0.000111875
0.000102864
9.31426e-05
8.32737e-05
7.34768e-05
6.38278e-05
5.43454e-05
4.50224e-05
3.58408e-05
2.67758e-05
1.78003e-05
8.885e-06
0
0.0913664
0.0915563
0.0914908
0.0911696
0.0905916
0.0897555
0.0886591
0.0873002
0.0856767
0.0837866
0.0816283
0.0792007
0.0765029
0.0735345
0.0702954
0.0667855
0.0630051
0.0589549
0.054636
0.0500502
0.0451995
0.0400854
0.0347087
0.0290698
0.0231731
0.01704
0.01076
0.00470479
0.000118908
0.000112168
0.000102815
9.2967e-05
8.30775e-05
7.32945e-05
6.36697e-05
5.42127e-05
4.4915e-05
3.57568e-05
2.67143e-05
1.77598e-05
8.86499e-06
0
