47 42
0
8.39926e-06
1.68222e-05
2.52987e-05
3.38446e-05
4.24928e-05
5.12489e-05
6.01414e-05
6.91583e-05
7.83028e-05
8.75126e-05
9.66866e-05
0.000105541
0.000113456
0.00407269
0.0098177
0.0159043
0.0218895
0.027672
0.0332298
0.0385581
0.0436549
0.0485167
0.0531381
0.0575131
0.0616359
0.0655016
0.0691068
0.0724491
0.0755266
0.0783383
0.0808837
0.0831624
0.0851748
0.0869216
0.0884041
0.0896237
0.0905824
0.0912817
0.0917231
0.0919077
0.0918357
0
8.40987e-06
1.68469e-05
2.53309e-05
3.3894e-05
4.25471e-05
5.13223e-05
6.02173e-05
6.92511e-05
7.83907e-05
8.75972e-05
9.67168e-05
0.000105433
0.000113051
0.00407452
0.00981922
0.0159055
0.0218906
0.0276732
0.0332309
0.0385593
0.0436562
0.048518
0.0531395
0.0575146
0.0616375
0.0655033
0.0691087
0.0724512
0.075529
0.0783411
0.0808869
0.0831662
0.0851794
0.0869271
0.0884107
0.0896317
0.0905919
0.0912932
0.091737
0.0919243
0.0918555
0
8.41329e-06
1.68505e-05
2.53419e-05
3.39033e-05
4.25684e-05
5.13428e-05
6.02558e-05
6.92955e-05
7.84658e-05
8.77029e-05
9.68961e-05
0.000105707
0.000113255
0.00295658
0.00920768
0.0154498
0.021471
0.027262
0.0328223
0.0381523
0.0432514
0.0481161
0.0527408
0.0571189
0.0612446
0.0651129
0.0687203
0.0720646
0.075144
0.0779577
0.0805049
0.0827856
0.0847999
0.0865488
0.0880336
0.0892558
0.0902175
0.0909205
0.0913664
0.0915563
0.0914908
0
8.40594e-06
1.68397e-05
2.53215e-05
3.38848e-05
4.25414e-05
5.13256e-05
6.02383e-05
6.93054e-05
7.85066e-05
8.78336e-05
9.7202e-05
0.000106429
0.00011461
0.000148316
0.00810615
0.014579
0.0206403
0.0264408
0.0320041
0.0373368
0.0424401
0.0473106
0.0519418
0.0563262
0.0604573
0.0643303
0.0679416
0.0712893
0.0743718
0.0771881
0.0797377
0.0820204
0.0840365
0.0857868
0.0872727
0.088496
0.0894588
0.0901632
0.0906111
0.0908037
0.0907415
0
8.39126e-06
1.68072e-05
2.52795e-05
3.38249e-05
4.24796e-05
5.12522e-05
6.01784e-05
6.92566e-05
7.85145e-05
8.79399e-05
9.75657e-05
0.000107513
0.000118786
0.000139659
0.00703285
0.0133601
0.0194091
0.0252115
0.0307762
0.0361121
0.0412218
0.0461013
0.0507425
0.0551364
0.0592759
0.0631556
0.0667727
0.0701253
0.0732121
0.0760323
0.0785852
0.0808707
0.0828889
0.0846408
0.0861278
0.0873519
0.0883156
0.0890212
0.0894707
0.0896657
0.0896069
0
8.36544e-06
1.67598e-05
2.52047e-05
3.37355e-05
4.23661e-05
5.11362e-05
6.0053e-05
6.91568e-05
7.84518e-05
8.79863e-05
9.7808e-05
0.000108137
0.000119674
0.000134303
0.00566497
0.0117462
0.0177723
0.0235742
0.0291381
0.034477
0.0395954
0.0444877
0.0491429
0.05355
0.0577004
0.0615892
0.0652136
0.0685725
0.0716649
0.0744901
0.0770473
0.0793363
0.0813572
0.0831108
0.0845987
0.0858234
0.0867874
0.0874937
0.0879446
0.0881419
0.0880865
0
8.33196e-06
1.66898e-05
2.51069e-05
3.36019e-05
4.22144e-05
5.0957e-05
5.98745e-05
6.89772e-05
7.83173e-05
8.79207e-05
9.78816e-05
0.000108329
0.00011948
0.000130842
0.00361031
0.00965882
0.0157221
0.021529
0.0270882
0.0324292
0.0375591
0.0424689
0.0471432
0.0515673
0.0557316
0.0596312
0.0632644
0.0666309
0.0697301
0.0725614
0.075124
0.0774172
0.0794411
0.0811966
0.0826853
0.08391
0.0848738
0.0855802
0.086032
0.0862314
0.0861794
0
8.28682e-06
1.66041e-05
2.49745e-05
3.34363e-05
4.20059e-05
5.07286e-05
5.96179e-05
6.87274e-05
7.80776e-05
8.77413e-05
9.77743e-05
0.000108283
0.000119206
0.000129312
0.000159935
0.00707316
0.0132693
0.0190788
0.0246239
0.0299652
0.0351108
0.0400444
0.0447436
0.0491892
0.0533699
0.0572819
0.0609251
0.0643003
0.0674076
0.0702462
0.0728151
0.0751134
0.0771408
0.0788982
0.0803873
0.0816113
0.0825741
0.0832799
0.0837321
0.0839333
0.0838847
0
8.23363e-06
1.64944e-05
2.48176e-05
3.32233e-05
4.1755e-05
5.0429e-05
5.92975e-05
6.83794e-05
7.77411e-05
8.74199e-05
9.75107e-05
0.000108083
0.000119225
0.000131179
0.000150188
0.00424605
0.0104597
0.0162295
0.0217397
0.0270793
0.032247
0.0372132
0.041945
0.046417
0.0506165
0.0545419
0.0581957
0.0615805
0.064697
0.0675443
0.0701207
0.0724248
0.0744562
0.0762154
0.0777044
0.0789269
0.0798876
0.0805918
0.0810437
0.0812464
0.0812012
0
8.1682e-06
1.63682e-05
2.46239e-05
3.29759e-05
4.14426e-05
5.00741e-05
5.88883e-05
6.79474e-05
7.72793e-05
8.69669e-05
9.70664e-05
0.000107692
0.000118951
0.000131121
0.000144764
0.000181748
0.00731294
0.0129789
0.0184237
0.0237629
0.0289639
0.0339751
0.0387492
0.043253
0.0474728
0.0514116
0.0550761
0.0584712
0.0615981
0.0644554
0.0670406
0.0693516
0.0713875
0.0731484
0.0746365
0.0758562
0.0768135
0.0775149
0.0779655
0.0781692
0.0781274
0
8.0944e-06
1.62169e-05
2.44044e-05
3.2678e-05
4.10843e-05
4.96415e-05
5.84075e-05
6.74047e-05
7.67073e-05
8.63553e-05
9.64499e-05
0.000107069
0.000118366
0.000130539
0.000143828
0.000165671
0.00418751
0.00931347
0.0146528
0.0200037
0.0252568
0.0303305
0.0351595
0.0397007
0.0439407
0.0478915
0.0515657
0.0549716
0.0581104
0.0609794
0.0635748
0.0658938
0.0679348
0.0696973
0.0711835
0.0723987
0.0733507
0.0740476
0.074496
0.0747001
0.0746618
0
8.00787e-06
1.60485e-05
2.41464e-05
3.2344e-05
4.06606e-05
4.91497e-05
5.78306e-05
6.67704e-05
7.59984e-05
8.56019e-05
9.56354e-05
0.00010622
0.000117464
0.000129573
0.000142798
0.000157879
0.00018087
0.00508007
0.0103854
0.0157871
0.0211218
0.0262815
0.0311815
0.0357655
0.0400224
0.0439816
0.0476636
0.0510807
0.0542331
0.0571161
0.0597235
0.0620517
0.0640986
0.0658626
0.0673455
0.068554
0.0694981
0.0701885
0.0706333
0.0708373
0.0708024
0
7.91278e-06
1.58541e-05
2.38618e-05
3.19574e-05
4.01893e-05
4.8576e-05
5.71783e-05
6.60186e-05
7.5174e-05
8.46816e-05
9.46423e-05
0.000105125
0.00011627
0.000128206
0.000141123
0.000155105
0.000170777
0.000210659
0.00559135
0.0111018
0.0165567
0.021833
0.0268244
0.0314562
0.0357203
0.0396817
0.0433678
0.0467971
0.0499654
0.0528653
0.0554869
0.0578256
0.0598796
0.0616451
0.0631228
0.0643214
0.0652544
0.0659356
0.0663753
0.0665786
0.066547
0
7.80465e-06
1.56424e-05
2.35377e-05
3.15341e-05
3.96503e-05
4.79415e-05
5.64262e-05
6.51732e-05
7.42086e-05
8.36192e-05
9.345e-05
0.000103812
0.000114785
0.000126506
0.000139066
0.000152477
0.000166262
0.000186665
0.00025845
0.0059432
0.0115623
0.0169933
0.0221031
0.0267862
0.0310356
0.0349902
0.0386749
0.0421185
0.0453062
0.0482273
0.0508651
0.0532158
0.0552788
0.057046
0.0585161
0.0597004
0.0606176
0.0612864
0.0617193
0.0619216
0.0618932
0
7.68801e-06
1.54043e-05
2.31871e-05
3.10571e-05
3.90636e-05
4.72236e-05
5.55989e-05
6.42088e-05
7.31297e-05
8.23913e-05
9.2088e-05
0.00010227
0.00011305
0.000124499
0.000136718
0.000149713
0.000163469
0.000178842
0.000200949
0.000314441
0.00614147
0.0117744
0.0170405
0.0217781
0.0259647
0.0299046
0.0335786
0.0370423
0.0402539
0.0432028
0.045859
0.0482223
0.050298
0.0520679
0.0535266
0.0546904
0.0555858
0.0562378
0.0566623
0.0568635
0.0568384
0
7.55824e-06
1.51492e-05
2.27967e-05
3.05441e-05
3.84088e-05
4.64462e-05
5.46717e-05
6.31537e-05
7.19121e-05
8.10295e-05
9.05376e-05
0.000100534
0.000111066
0.000122236
0.000134088
0.000146689
0.000160101
0.000174751
0.000190723
0.000211816
0.000295573
0.00619185
0.0116717
0.0164723
0.0204901
0.0244227
0.028067
0.0315663
0.0348062
0.0377942
0.0404696
0.0428443
0.0449394
0.0467144
0.0481567
0.049291
0.050156
0.0507859
0.0512005
0.0514018
0.0513799
0
7.42023e-06
1.48679e-05
2.23806e-05
2.99777e-05
3.7708e-05
4.5586e-05
5.36727e-05
6.19823e-05
7.05883e-05
7.95106e-05
8.88351e-05
9.85918e-05
0.000108874
0.000119718
0.000131207
0.00014337
0.000156307
0.000170191
0.000185027
0.000200478
0.000218908
0.000262363
0.00604897
0.0109495
0.0145541
0.0185515
0.0221166
0.0256923
0.0289585
0.0320074
0.0346985
0.0370777
0.0392071
0.040992
0.0424095
0.0435011
0.044324
0.044925
0.0453294
0.0455341
0.0455154
0
7.26924e-06
1.45703e-05
2.19253e-05
2.9377e-05
3.69404e-05
4.46697e-05
5.25766e-05
6.07267e-05
6.91327e-05
7.78713e-05
8.69604e-05
9.64845e-05
0.000106467
0.000116991
0.000128075
0.000139791
0.000152171
0.000165304
0.000179109
0.00019331
0.00020741
0.000222284
0.00024423
0.00538942
0.00798824
0.0123407
0.0156716
0.0194369
0.0226977
0.0258574
0.0285486
0.030911
0.0331086
0.0349119
0.0362904
0.0373195
0.0380841
0.0386475
0.0390427
0.0392594
0.0392438
0
7.11051e-06
1.4247e-05
2.14458e-05
2.87242e-05
3.61298e-05
4.36736e-05
5.14144e-05
5.93607e-05
6.75818e-05
7.60874e-05
8.49544e-05
9.41957e-05
0.00010389
0.000114048
0.000124738
0.000135965
0.000147781
0.000160172
0.000173059
0.000186175
0.000199115
0.000211294
0.000222476
0.000230295
0.000313715
0.00599639
0.00858234
0.0128676
0.0159818
0.0193821
0.0220248
0.0243135
0.02666
0.0284931
0.0298063
0.0307434
0.0314276
0.0319421
0.0323317
0.0325794
0.0325669
0
6.9392e-06
1.39086e-05
2.09284e-05
2.80399e-05
3.5255e-05
4.26262e-05
5.01602e-05
5.79195e-05
6.59089e-05
7.41989e-05
8.27946e-05
9.17696e-05
0.000101128
0.000110938
0.000121195
0.000131948
0.000143176
0.000154876
0.000166921
0.000179107
0.000191084
0.000202423
0.000212579
0.000220609
0.000239612
0.000246492
0.000403664
0.00621748
0.00867385
0.0126818
0.0151348
0.0172055
0.0199023
0.0217675
0.0229655
0.0237674
0.0243423
0.0247922
0.0251824
0.0255027
0.0254931
0
6.76079e-06
1.35456e-05
2.03891e-05
2.73058e-05
3.43415e-05
4.15033e-05
4.88472e-05
5.63757e-05
6.41531e-05
7.21799e-05
8.05248e-05
8.91861e-05
9.82303e-05
0.00010765
0.000117496
0.000127747
0.000138421
0.000149447
0.000160744
0.000172104
0.000183283
0.000193964
0.00020391
0.000213321
0.000225968
0.000232152
0.000250039
0.000253373
0.000328438
0.00603564
0.00788746
0.00938657
0.0129458
0.014786
0.0157736
0.0163814
0.0168111
0.0171735
0.0175681
0.0180523
0.0180457
0
6.5704e-06
1.3169e-05
1.98137e-05
2.65435e-05
3.33674e-05
4.03351e-05
4.74486e-05
5.47666e-05
6.22866e-05
7.0073e-05
7.81199e-05
8.64919e-05
9.51779e-05
0.000104233
0.000113636
0.000123416
0.000133525
0.000143938
0.000154532
0.000165174
0.000175648
0.000185769
0.000195425
0.0002049
0.000215331
0.00022358
0.000234972
0.0002388
0.00025272
0.000250355
0.000271296
0.000351758
0.00610107
0.00761245
0.00822367
0.0085666
0.00881252
0.00905265
0.00943131
0.0102834
0.0102796
0
6.37369e-06
1.27691e-05
1.92188e-05
2.57345e-05
3.23593e-05
3.90968e-05
4.59993e-05
5.3064e-05
6.03503e-05
6.78502e-05
7.56255e-05
8.36629e-05
9.20195e-05
0.000100673
0.000109663
0.00011895
0.000128539
0.000138349
0.000148317
0.000158293
0.000168148
0.000177729
0.000187008
0.000196139
0.000205465
0.000213901
0.000222963
0.000229134
0.000237833
0.000239545
0.000247322
0.00025908
0.000251644
0.000262299
0.000275432
0.000293432
0.000323524
0.000390742
0.000635999
0.0023229
0.00232181
0
6.16574e-06
1.23574e-05
1.85902e-05
2.49008e-05
3.12951e-05
3.78195e-05
4.44719e-05
5.13065e-05
5.83149e-05
6.55556e-05
7.30139e-05
8.0747e-05
8.87325e-05
9.70171e-05
0.000105565
0.000114399
0.000123458
0.000132722
0.000142084
0.000151467
0.000160732
0.000169805
0.000178637
0.000187316
0.000195906
0.000204007
0.000211966
0.000218581
0.000225476
0.000229648
0.000236
0.000242951
0.000241814
0.000246054
0.000250924
0.000255319
0.000258906
0.000261579
0.000263511
0.000258936
0.00025844
0
5.95232e-06
1.19239e-05
1.79448e-05
2.40241e-05
3.02019e-05
3.64782e-05
4.29018e-05
4.9465e-05
5.62223e-05
6.31592e-05
7.03315e-05
7.77169e-05
8.53656e-05
9.32447e-05
0.000101389
0.000109747
0.000118325
0.000127042
0.00013586
0.000144667
0.000153398
0.000161955
0.000170328
0.000178516
0.000186526
0.000194157
0.000201445
0.000207927
0.000214079
0.000218983
0.000224469
0.000229613
0.000231368
0.000234914
0.000238965
0.000242722
0.000245816
0.000248037
0.00024909
0.000247182
0.000246664
0
5.72851e-06
1.14804e-05
1.72685e-05
2.31265e-05
2.90574e-05
3.51043e-05
4.12612e-05
4.75784e-05
5.40421e-05
6.07058e-05
6.75481e-05
7.46204e-05
8.1892e-05
8.94044e-05
9.71136e-05
0.000105041
0.000113121
0.000121345
0.000129622
0.00013791
0.000146109
0.000154183
0.000162073
0.000169787
0.000177272
0.000184433
0.000191203
0.000197394
0.000203116
0.000208117
0.000213057
0.000217466
0.000220291
0.000223598
0.000227108
0.000230359
0.000233032
0.000234906
0.000235707
0.00023494
0.000234437
0
5.5001e-06
1.1017e-05
1.6578e-05
2.21896e-05
2.78888e-05
3.36726e-05
3.95859e-05
4.56172e-05
5.18164e-05
5.81639e-05
6.47103e-05
7.14274e-05
7.83602e-05
8.54694e-05
9.27865e-05
0.000100257
0.00010789
0.00011561
0.000123399
0.000131167
0.00013888
0.000146461
0.000153892
0.000161128
0.000168141
0.000174839
0.00018117
0.000187019
0.000192412
0.000197268
0.000201833
0.000205873
0.000209048
0.000212208
0.000215345
0.000218197
0.000220531
0.00022215
0.000222877
0.000222604
0.000222127
0
5.26222e-06
1.05452e-05
1.58594e-05
2.12355e-05
2.6674e-05
3.22144e-05
3.78478e-05
4.36201e-05
4.95139e-05
5.55779e-05
6.17863e-05
6.81854e-05
7.47399e-05
8.14874e-05
8.83805e-05
9.54406e-05
0.000102605
0.000109872
0.000117164
0.000124461
0.000131682
0.000138805
0.000145768
0.000152557
0.00015911
0.000165382
0.0001713
0.000176811
0.00018189
0.000186526
0.000190791
0.000194587
0.000197808
0.000200828
0.000203679
0.00020622
0.000208278
0.000209709
0.000210397
0.000210341
0.000209892
0
5.02055e-06
1.00555e-05
1.51293e-05
2.02462e-05
2.54398e-05
3.07047e-05
3.60821e-05
4.15574e-05
4.71762e-05
5.29157e-05
5.88215e-05
6.48621e-05
7.10783e-05
7.74281e-05
8.39412e-05
9.05632e-05
9.73066e-05
0.000104104
0.000110948
0.000117764
0.000124535
0.000131191
0.000137719
0.000144059
0.000150189
0.000156041
0.000161581
0.000166747
0.000171531
0.00017591
0.000179917
0.0001835
0.000186642
0.000189505
0.000192124
0.00019441
0.000196248
0.000197527
0.000198179
0.000198214
0.000197794
0
4.77039e-06
9.55897e-06
1.4374e-05
1.9243e-05
2.41645e-05
2.91742e-05
3.42611e-05
3.9467e-05
4.4772e-05
5.02202e-05
5.57835e-05
6.15037e-05
6.73435e-05
7.33376e-05
7.94383e-05
8.56676e-05
9.19663e-05
9.83404e-05
0.000104721
0.000111101
0.000117411
0.000123638
0.000129721
0.000135646
0.000141354
0.000146819
0.000151984
0.000156824
0.000161306
0.00016543
0.000169188
0.00017257
0.00017557
0.000178271
0.000180683
0.000182759
0.000184412
0.000185568
0.000186177
0.000186249
0.000185855
0
4.51721e-06
9.04651e-06
1.36095e-05
1.82086e-05
2.28738e-05
2.75983e-05
3.24188e-05
3.73195e-05
4.23412e-05
4.74596e-05
5.27159e-05
5.80771e-05
6.35805e-05
6.91838e-05
7.49155e-05
8.07233e-05
8.66228e-05
9.25528e-05
9.85153e-05
0.000104444
0.000110333
0.000116119
0.000121793
0.000127297
0.000132616
0.000137693
0.00014251
0.00014702
0.000151215
0.000155072
0.000158597
0.000161771
0.000164607
0.000167135
0.000169364
0.000171255
0.000172753
0.000173799
0.000174364
0.000174446
0.00017408
0
4.25651e-06
8.52869e-06
1.28228e-05
1.71634e-05
2.15472e-05
2.60063e-05
3.05286e-05
3.51511e-05
3.98534e-05
4.46748e-05
4.95864e-05
5.46262e-05
5.97569e-05
6.50105e-05
7.0341e-05
7.57709e-05
8.12456e-05
8.67757e-05
9.23005e-05
9.78205e-05
0.000103274
0.000108656
0.00011391
0.000119026
0.00012395
0.000128669
0.000133134
0.000137334
0.000141235
0.000144837
0.000148123
0.000151095
0.000153749
0.000156107
0.000158161
0.00015989
0.000161249
0.000162202
0.000162719
0.000162801
0.00016246
0
3.99347e-06
7.99691e-06
1.20291e-05
1.60909e-05
2.02089e-05
2.43751e-05
2.86223e-05
3.29338e-05
3.73462e-05
4.18347e-05
4.64364e-05
5.11185e-05
5.5915e-05
6.07852e-05
6.57561e-05
7.07791e-05
7.58717e-05
8.09788e-05
8.61079e-05
9.12009e-05
9.62578e-05
0.000101222
0.00010609
0.000110808
0.000115369
0.000119724
0.000123862
0.000127745
0.000131368
0.000134707
0.000137765
0.000140526
0.000142999
0.000145182
0.000147075
0.000148654
0.000149891
0.000150755
0.000151229
0.000151304
0.000150989
0
3.72389e-06
7.46104e-06
1.12161e-05
1.50103e-05
1.88395e-05
2.27319e-05
2.66749e-05
3.07013e-05
3.47906e-05
3.89777e-05
4.32345e-05
4.75948e-05
5.20231e-05
5.65488e-05
6.11291e-05
6.5786e-05
7.04704e-05
7.51955e-05
7.99079e-05
8.46128e-05
8.92564e-05
9.38384e-05
9.83076e-05
0.00010266
0.000106848
0.000110865
0.000114669
0.000118256
0.000121593
0.000124683
0.000127505
0.000130063
0.000132346
0.000134362
0.000136097
0.000137539
0.000138662
0.000139448
0.000139877
0.000139946
0.000139655
0
3.45255e-06
6.91316e-06
1.03978e-05
1.39062e-05
1.74615e-05
2.10552e-05
2.47159e-05
2.84273e-05
3.22213e-05
3.60743e-05
4.00188e-05
4.40241e-05
4.81203e-05
5.22699e-05
5.6498e-05
6.0761e-05
6.50764e-05
6.93961e-05
7.373e-05
7.8028e-05
8.22938e-05
8.64783e-05
9.0581e-05
9.45559e-05
9.83992e-05
0.00010207
0.000105563
0.000108845
0.000111914
0.000114746
0.000117343
0.000119691
0.000121793
0.000123638
0.000125224
0.000126534
0.000127554
0.000128263
0.000128653
0.000128713
0.000128447
0
3.17566e-06
6.36226e-06
9.56313e-06
1.27963e-05
1.60572e-05
1.93699e-05
2.27224e-05
2.61427e-05
2.96118e-05
3.31596e-05
3.67603e-05
4.04434e-05
4.41765e-05
4.79857e-05
5.18329e-05
5.57388e-05
5.96603e-05
6.36114e-05
6.75461e-05
7.14721e-05
7.53432e-05
7.91623e-05
8.28851e-05
8.6511e-05
8.99995e-05
9.33478e-05
9.65211e-05
9.95172e-05
0.000102309
0.000104898
0.000107264
0.00010941
0.000111324
0.000113007
0.000114446
0.000115634
0.000116553
0.000117193
0.000117542
0.000117597
0.000117353
0
2.89747e-06
5.80128e-06
8.72464e-06
1.16667e-05
1.46467e-05
1.76567e-05
2.07207e-05
2.38238e-05
2.6993e-05
3.02068e-05
3.34932e-05
3.68245e-05
4.02268e-05
4.36672e-05
4.71679e-05
5.0691e-05
5.42533e-05
5.78137e-05
6.1383e-05
6.49187e-05
6.84268e-05
7.18654e-05
7.52368e-05
7.85019e-05
8.16602e-05
8.4677e-05
8.75509e-05
9.02531e-05
9.27837e-05
9.51211e-05
9.72672e-05
9.92066e-05
0.000100942
0.000102459
0.000103759
0.000104825
0.000105652
0.000106224
0.000106537
0.000106584
0.000106364
0
2.61469e-06
5.23814e-06
7.87263e-06
1.05329e-05
1.32146e-05
1.59375e-05
1.86907e-05
2.14976e-05
2.43413e-05
2.72468e-05
3.01914e-05
3.31999e-05
3.62443e-05
3.93472e-05
4.24757e-05
4.56483e-05
4.88288e-05
5.20304e-05
5.5215e-05
5.83909e-05
6.15197e-05
6.4606e-05
6.7613e-05
7.05422e-05
7.336e-05
7.60662e-05
7.86321e-05
8.10573e-05
8.33189e-05
8.54181e-05
8.73377e-05
8.90796e-05
9.06308e-05
9.19919e-05
9.31505e-05
9.41034e-05
9.48372e-05
9.53473e-05
9.56238e-05
9.56653e-05
9.5468e-05
0
2.331e-06
4.66682e-06
7.01795e-06
9.38325e-06
1.17782e-05
1.41957e-05
1.66553e-05
1.91439e-05
2.16837e-05
2.42563e-05
2.68845e-05
2.9545e-05
3.22593e-05
3.5e-05
3.77858e-05
4.05854e-05
4.34137e-05
4.62369e-05
4.90655e-05
5.18649e-05
5.46416e-05
5.73616e-05
6.00285e-05
6.26105e-05
6.51089e-05
6.74956e-05
6.97709e-05
7.19114e-05
7.39179e-05
7.57722e-05
7.74758e-05
7.90149e-05
8.03908e-05
8.1592e-05
8.26175e-05
8.34558e-05
8.41037e-05
8.45508e-05
8.47947e-05
8.48293e-05
8.46557e-05
0
2.04366e-06
4.094e-06
6.15253e-06
8.23071e-06
1.03247e-05
1.245e-05
1.45975e-05
1.67856e-05
1.90003e-05
2.12615e-05
2.35505e-05
2.58872e-05
2.82488e-05
3.06534e-05
3.30749e-05
3.55284e-05
3.7985e-05
4.04564e-05
4.29121e-05
4.53604e-05
4.77706e-05
5.01477e-05
5.24628e-05
5.47184e-05
5.68879e-05
5.89726e-05
6.09495e-05
6.28196e-05
6.45642e-05
6.61848e-05
6.76668e-05
6.90119e-05
7.02085e-05
7.12571e-05
7.21473e-05
7.28778e-05
7.34386e-05
7.38276e-05
7.40375e-05
7.4068e-05
7.39157e-05
0
1.7557e-06
3.51487e-06
5.28532e-06
7.06593e-06
8.86835e-06
1.06869e-05
1.25362e-05
1.44061e-05
1.63133e-05
1.82434e-05
2.02138e-05
2.22063e-05
2.42377e-05
2.62864e-05
2.83672e-05
3.04561e-05
3.25649e-05
3.4668e-05
3.67742e-05
3.8857e-05
4.09226e-05
4.2945e-05
4.49279e-05
4.68473e-05
4.8705e-05
5.04797e-05
5.21725e-05
5.37655e-05
5.52597e-05
5.6641e-05
5.79104e-05
5.9057e-05
6.00815e-05
6.09747e-05
6.1736e-05
6.23569e-05
6.28358e-05
6.31655e-05
6.33448e-05
6.33694e-05
6.32402e-05
0
1.46503e-06
2.93477e-06
4.41012e-06
5.89929e-06
7.39928e-06
8.92122e-06
1.04583e-05
1.20237e-05
1.36071e-05
1.52228e-05
1.68571e-05
1.85243e-05
2.02078e-05
2.19207e-05
2.36441e-05
2.53891e-05
2.71348e-05
2.88902e-05
3.06332e-05
3.23704e-05
3.40798e-05
3.57655e-05
3.74067e-05
3.90059e-05
4.05439e-05
4.20224e-05
4.34245e-05
4.47516e-05
4.599e-05
4.71408e-05
4.81933e-05
4.91485e-05
4.99977e-05
5.07413e-05
5.13716e-05
5.1888e-05
5.22837e-05
5.25578e-05
5.27051e-05
5.2726e-05
5.2618e-05
0
1.17397e-06
2.35017e-06
3.5338e-06
4.72396e-06
5.92847e-06
7.14329e-06
8.3783e-06
9.62645e-06
1.0899e-05
1.2186e-05
1.34991e-05
1.48261e-05
1.61782e-05
1.75408e-05
1.89239e-05
2.03114e-05
2.17115e-05
2.31069e-05
2.45038e-05
2.58846e-05
2.72537e-05
2.85937e-05
2.99076e-05
3.11792e-05
3.24101e-05
3.3586e-05
3.47081e-05
3.57642e-05
3.67552e-05
3.76714e-05
3.85137e-05
3.92742e-05
3.99536e-05
4.05453e-05
4.10493e-05
4.14597e-05
4.17759e-05
4.19931e-05
4.21111e-05
4.21269e-05
4.20413e-05
0
8.811e-07
1.765e-06
2.65217e-06
3.54755e-06
4.44922e-06
5.36391e-06
6.28736e-06
7.2276e-06
8.17818e-06
9.14782e-06
1.0128e-05
1.11276e-05
1.21363e-05
1.31622e-05
1.41937e-05
1.52378e-05
1.62816e-05
1.7331e-05
1.83724e-05
1.94102e-05
2.0431e-05
2.14376e-05
2.24174e-05
2.33722e-05
2.42905e-05
2.51733e-05
2.60107e-05
2.68035e-05
2.75433e-05
2.82311e-05
2.886e-05
2.94309e-05
2.99382e-05
3.03821e-05
3.07582e-05
3.10659e-05
3.13015e-05
3.14645e-05
3.1552e-05
3.15642e-05
3.14997e-05
0
5.88024e-07
1.17714e-06
1.76994e-06
2.36594e-06
2.96905e-06
3.57719e-06
4.19533e-06
4.81985e-06
5.4564e-06
6.09996e-06
6.75642e-06
7.41948e-06
8.09487e-06
8.77518e-06
9.46556e-06
1.01578e-05
1.08561e-05
1.15518e-05
1.22482e-05
1.29362e-05
1.36184e-05
1.4286e-05
1.49405e-05
1.55739e-05
1.61872e-05
1.6773e-05
1.73321e-05
1.78584e-05
1.83523e-05
1.8809e-05
1.92289e-05
1.9608e-05
1.99466e-05
2.02413e-05
2.04923e-05
2.06964e-05
2.08536e-05
2.09616e-05
2.10201e-05
2.10278e-05
2.09852e-05
0
2.94045e-07
5.89017e-07
8.85067e-07
1.18383e-06
1.48467e-06
1.78981e-06
2.09783e-06
2.4114e-06
2.72835e-06
3.05159e-06
3.37828e-06
3.71134e-06
4.04733e-06
4.389e-06
4.73241e-06
5.07994e-06
5.42731e-06
5.77644e-06
6.12287e-06
6.46805e-06
6.8075e-06
7.14225e-06
7.46804e-06
7.78554e-06
8.09086e-06
8.38444e-06
8.66291e-06
8.92659e-06
9.17268e-06
9.40147e-06
9.6107e-06
9.8006e-06
9.96931e-06
1.01169e-05
1.02419e-05
1.03442e-05
1.04224e-05
1.04765e-05
1.05055e-05
1.05095e-05
1.04881e-05
0
0
0
0
0
0
0
0
0
0
0
0
0
0
0
0
0
0
0
0
0
0
0
0
0
0
0
0
0
0
0
0
0
0
0
0
0
0
0
0
0
0
