47 42
0.0917231
0.0919077
0.0918357
0.0915068
0.0909201
0.0900738
0.0889661
0.0875949
0.085958
0.0840536
0.0818803
0.0794368
0.0767224
0.0737365
0.0704789
0.0669496
0.0631491
0.0590783
0.0547391
0.0501339
0.0452653
0.0401355
0.0347454
0.0290956
0.0231902
0.0170504
0.0107655
0.00470674
0.000118883
0.000112169
0.000103161
9.337e-05
8.34449e-05
7.36069e-05
6.39278e-05
5.44217e-05
4.50804e-05
3.58836e-05
2.68061e-05
1.78196e-05
8.89442e-06
0
0.091737
0.0919243
0.0918555
0.0915303
0.0909478
0.0901064
0.0890042
0.0876391
0.0860089
0.0841118
0.0819462
0.0795109
0.0768052
0.0738285
0.0705806
0.0670616
0.0632718
0.0592121
0.0548839
0.0502893
0.0454304
0.0403091
0.0349264
0.0292839
0.0233888
0.0172737
0.0110577
0.00511779
0.000119219
0.000111875
0.000102864
9.31426e-05
8.32737e-05
7.34768e-05
6.38278e-05
5.43454e-05
4.50224e-05
3.58408e-05
2.67758e-05
1.78003e-05
8.885e-06
0
0.0913664
0.0915563
0.0914908
0.0911696
0.0905916
0.0897555
0.0886591
0.0873002
0.0856767
0.0837866
0.0816283
0.0792007
0.0765029
0.0735345
0.0702954
0.0667855
0.0630051
0.0589549
0.054636
0.0500502
0.0451995
0.0400854
0.0347087
0.0290698
0.0231731
0.01704
0.01076
0.00470479
0.000118908
0.000112168
0.000102815
9.2967e-05
8.30775e-05
7.32945e-05
6.36697e-05
5.42127e-05
4.4915e-05
3.57568e-05
2.67143e-05
1.77598e-05
8.86499e-06
0
0.0906111
0.0908037
0.0907415
0.0904243
0.0898512
0.0890206
0.0879303
0.0865779
0.0849612
0.083078
0.0809266
0.078506
0.0758154
0.0728545
0.069623
0.0661211
0.0623489
0.0583067
0.0539955
0.0494169
0.0445726
0.0394646
0.0340928
0.0284555
0.0225487
0.0163654
0.00989043
0.0032823
0.00012525
0.000113378
0.000102941
9.2806e-05
8.28436e-05
7.3057e-05
6.34522e-05
5.40245e-05
4.47582e-05
3.56325e-05
2.66216e-05
1.76986e-05
8.83443e-06
0
0.0894707
0.0896657
0.0896069
0.0892941
0.0887262
0.0879015
0.0868177
0.0854721
0.0838621
0.0819856
0.0798408
0.0774266
0.0747424
0.071788
0.0685633
0.0650683
0.061303
0.0572676
0.0529625
0.0483893
0.0435501
0.038447
0.03308
0.0274447
0.0215297
0.0153009
0.00857451
0.000154292
0.000127861
0.000114083
0.000102961
9.25843e-05
8.25484e-05
7.27553e-05
6.3173e-05
5.37793e-05
4.45525e-05
3.54675e-05
2.64983e-05
1.76165e-05
8.79351e-06
0
0.0879446
0.0881419
0.0880865
0.0877782
0.0872159
0.0863976
0.0853208
0.0839823
0.0823793
0.0805094
0.0783708
0.0759624
0.0732837
0.0703348
0.0671158
0.0636268
0.0598675
0.0558375
0.0515371
0.0469675
0.0421317
0.0370328
0.0316712
0.0260409
0.0201291
0.0139186
0.00736024
0.000137766
0.000126107
0.000113857
0.000102718
9.22433e-05
8.21675e-05
7.238e-05
6.28271e-05
5.34758e-05
4.42966e-05
3.52622e-05
2.63441e-05
1.75138e-05
8.74218e-06
0
0.086032
0.0862314
0.0861794
0.0858759
0.0853196
0.0845084
0.0834391
0.0821082
0.0805125
0.0786491
0.0765162
0.0741129
0.0714389
0.0684946
0.0652804
0.0617963
0.0580421
0.0540166
0.0497193
0.0451514
0.0403168
0.0352211
0.0298662
0.0242448
0.0183413
0.0121657
0.00588594
0.000133644
0.00012456
0.00011324
0.000102243
9.17618e-05
8.16859e-05
7.19218e-05
6.2411e-05
5.31115e-05
4.39902e-05
3.50158e-05
2.61592e-05
1.73905e-05
8.68058e-06
0
0.0837321
0.0839333
0.0838847
0.0835863
0.0830366
0.0822331
0.0811722
0.0798496
0.0782614
0.0764045
0.074277
0.071878
0.0692077
0.0662669
0.0630564
0.0595766
0.0558267
0.0518049
0.0475094
0.0429408
0.0381048
0.0330106
0.027664
0.0220563
0.016157
0.0099565
0.00373305
0.000134588
0.000123798
0.000112509
0.000101586
9.11384e-05
8.10943e-05
7.13751e-05
6.19202e-05
5.2685e-05
4.36318e-05
3.47284e-05
2.59432e-05
1.72466e-05
8.6086e-06
0
0.0810437
0.0812464
0.0812012
0.0809082
0.0803659
0.0795711
0.0785195
0.077206
0.0756259
0.0737755
0.0716528
0.0692573
0.0665896
0.0636511
0.0604433
0.056967
0.0532213
0.0492028
0.0449079
0.0403357
0.0354941
0.0303985
0.0250627
0.0194785
0.0135859
0.00726241
0.000164792
0.000136635
0.000123211
0.00011165
0.000100763
9.0373e-05
8.03891e-05
7.07352e-05
6.13527e-05
5.21941e-05
4.32213e-05
3.43992e-05
2.56964e-05
1.7082e-05
8.52639e-06
0
0.0779655
0.0781692
0.0781274
0.0778403
0.0773061
0.0765212
0.0754804
0.0741773
0.072606
0.0707621
0.0686437
0.0662507
0.0635843
0.0606466
0.0574403
0.053967
0.0502255
0.0462109
0.0419159
0.0373365
0.0324829
0.0273803
0.0220573
0.016517
0.0106737
0.00434692
0.000144156
0.000134153
0.000121971
0.000110555
9.97643e-05
8.94655e-05
7.95676e-05
7.00004e-05
6.0706e-05
5.16385e-05
4.27574e-05
3.40284e-05
2.54183e-05
1.68969e-05
8.43383e-06
0
0.074496
0.0747001
0.0746618
0.074381
0.073856
0.0730826
0.0720543
0.0707632
0.0692016
0.0673643
0.0652495
0.0628578
0.0601911
0.0572525
0.0540463
0.0505754
0.0468392
0.0428299
0.0385355
0.0339444
0.029069
0.0239487
0.0186366
0.0131697
0.00743823
0.000192085
0.000145972
0.000132436
0.000120461
0.000109239
9.85936e-05
8.84168e-05
7.86305e-05
6.91693e-05
5.99803e-05
5.10169e-05
4.22407e-05
3.36155e-05
2.51094e-05
1.66911e-05
8.33111e-06
0
0.0706333
0.0708373
0.0708024
0.0705285
0.0700139
0.069254
0.0682407
0.0669637
0.0654131
0.0635824
0.0614703
0.0590786
0.0564098
0.0534679
0.0502599
0.0467908
0.0430616
0.039061
0.0347704
0.0301625
0.0252507
0.0200932
0.0147782
0.00942272
0.00424152
0.000149441
0.000141833
0.000130172
0.000118686
0.000107722
9.72579e-05
8.72315e-05
7.75786e-05
6.82433e-05
5.91747e-05
5.03302e-05
4.16703e-05
3.31611e-05
2.47693e-05
1.6465e-05
8.21814e-06
0
0.0663753
0.0665786
0.066547
0.0662805
0.0657778
0.0650339
0.0640388
0.062779
0.0612412
0.0594171
0.0573062
0.054913
0.0522397
0.0492915
0.046079
0.0426106
0.0388915
0.0349053
0.0306273
0.025997
0.0210276
0.0158014
0.0104417
0.00512157
0.00016887
0.000149819
0.000139119
0.000127845
0.000116729
0.000106028
9.5769e-05
8.59145e-05
7.64159e-05
6.72229e-05
5.8291e-05
4.9578e-05
4.10477e-05
3.2665e-05
2.43989e-05
1.62186e-05
8.0952e-06
0
0.0617193
0.0619216
0.0618932
0.0616344
0.0611452
0.0604206
0.0594482
0.0582098
0.0566871
0.0548691
0.0527575
0.0503611
0.047681
0.0447218
0.0415011
0.0380308
0.0343268
0.030363
0.026118
0.02146
0.0164033
0.0110643
0.00559857
0.000198003
0.000162028
0.00014811
0.000136606
0.000125463
0.000114626
0.00010418
9.41375e-05
8.44731e-05
7.51451e-05
6.61115e-05
5.73298e-05
4.87623e-05
4.03726e-05
3.21285e-05
2.3998e-05
1.59523e-05
7.96225e-06
0
0.0566623
0.0568635
0.0568384
0.0565872
0.056113
0.0554118
0.0544681
0.0532572
0.0517531
0.04994
0.0478239
0.0454234
0.0427341
0.0397571
0.0365233
0.0330446
0.0293642
0.0254295
0.0212631
0.0165716
0.0113861
0.00587897
0.000239226
0.000172427
0.000158569
0.000145553
0.000133966
0.000122974
0.000112386
0.000102189
9.23739e-05
8.29128e-05
7.37717e-05
6.4911e-05
5.6294e-05
4.78836e-05
3.9647e-05
3.15515e-05
2.35678e-05
1.56663e-05
7.81964e-06
0
0.0512005
0.0514018
0.0513799
0.0511351
0.0506771
0.0500046
0.0490979
0.0479233
0.0464427
0.0446321
0.0425043
0.0401007
0.0374011
0.0343948
0.0311431
0.0276401
0.024001
0.0200867
0.0161014
0.0113647
0.00598919
0.000247003
0.000180589
0.000167753
0.000154815
0.000142494
0.000131117
0.000120343
0.000110009
0.000100065
9.04851e-05
8.1241e-05
7.22991e-05
6.36257e-05
5.5185e-05
4.69445e-05
3.88713e-05
3.09358e-05
2.31083e-05
1.53614e-05
7.6674e-06
0
0.0453294
0.0455341
0.0455154
0.0452734
0.0448321
0.0441948
0.0433367
0.0422115
0.0407626
0.0389492
0.0367948
0.0343946
0.0316878
0.0286299
0.0253617
0.0217933
0.0182438
0.0142777
0.0107115
0.0058896
0.000227877
0.000189447
0.000175709
0.000163116
0.000150843
0.000139104
0.000128056
0.000117557
0.000107495
9.78131e-05
8.84791e-05
7.94623e-05
7.0733e-05
6.2258e-05
5.40064e-05
4.59461e-05
3.80478e-05
3.02817e-05
2.26208e-05
1.50375e-05
7.50598e-06
0
0.0390427
0.0392594
0.0392438
0.038996
0.0385701
0.0379767
0.0371831
0.0361267
0.0347234
0.0328987
0.0306838
0.0283077
0.0256088
0.0224493
0.0191955
0.0154491
0.0121414
0.00783611
0.00527011
0.000216235
0.000195768
0.000183086
0.000170428
0.000158365
0.000146685
0.000135471
0.000124802
0.000114619
0.000104847
9.54394e-05
8.63609e-05
7.75835e-05
6.90768e-05
6.08125e-05
5.276e-05
4.48914e-05
3.71772e-05
2.95912e-05
2.21057e-05
1.46958e-05
7.33544e-06
0
0.0323317
0.0325794
0.0325669
0.0322942
0.03188
0.0313415
0.0306344
0.0296761
0.0283443
0.0264967
0.0241403
0.0218448
0.0192015
0.0158111
0.0127111
0.00845903
0.00589712
0.000290839
0.000209115
0.000199037
0.000188381
0.000176717
0.000164938
0.000153481
0.000142363
0.000131645
0.000121378
0.000111535
0.000102072
9.29492e-05
8.41379e-05
7.56088e-05
6.73363e-05
5.92919e-05
5.14498e-05
4.37817e-05
3.62623e-05
2.88647e-05
2.15646e-05
1.43364e-05
7.15629e-06
0
0.0251824
0.0255027
0.0254931
0.0251539
0.0247451
0.0242772
0.0236852
0.0228677
0.021657
0.0197837
0.0170854
0.0150134
0.0125656
0.00857942
0.00613916
0.000382683
0.000228766
0.000217873
0.000202002
0.000191821
0.000181349
0.000170389
0.000159335
0.000148477
0.000137899
0.000127663
0.000117805
0.000108318
9.9176e-05
9.03508e-05
8.18149e-05
7.35449e-05
6.55147e-05
5.77011e-05
5.00776e-05
4.26205e-05
3.5304e-05
2.81047e-05
2.09977e-05
1.39603e-05
6.96864e-06
0
0.0175681
0.0180523
0.0180457
0.0175485
0.0171413
0.0167666
0.0163253
0.0157072
0.014712
0.0128696
0.00931931
0.0078223
0.00597778
0.000312184
0.00023873
0.000230806
0.000215835
0.000207357
0.000195101
0.000184706
0.000174488
0.000164094
0.000153664
0.000143374
0.000133317
0.000123548
0.000114101
0.00010498
9.617e-05
8.76498e-05
7.93994e-05
7.13957e-05
6.36181e-05
5.60426e-05
4.86478e-05
4.14093e-05
3.43052e-05
2.73116e-05
2.04069e-05
1.35679e-05
6.77306e-06
0
0.00943131
0.0102834
0.0102796
0.00942049
0.00903504
0.0087883
0.00853617
0.00818781
0.00757296
0.0060634
0.000339724
0.000260557
0.000238821
0.000237112
0.000224743
0.000218515
0.000207491
0.000198169
0.000187547
0.000177529
0.000167688
0.000157811
0.000147943
0.000138191
0.000128632
0.00011932
0.000110283
0.000101533
9.30612e-05
8.48551e-05
7.68964e-05
6.91682e-05
6.16496e-05
5.43217e-05
4.71623e-05
4.01516e-05
3.32669e-05
2.6488e-05
1.97926e-05
1.31603e-05
6.56967e-06
0
0.000635999
0.0023229
0.00232181
0.000633857
0.000387696
0.000319459
0.000288365
0.000269418
0.000255417
0.000244103
0.00024756
0.000236746
0.000228282
0.000224218
0.000215358
0.000207909
0.00019855
0.000189437
0.00017978
0.00017029
0.000160902
0.000151525
0.000142181
0.000132939
0.000123861
0.000114994
0.000106366
9.79877e-05
8.98601e-05
8.19725e-05
7.43135e-05
6.68661e-05
5.9615e-05
5.25407e-05
4.56255e-05
3.88489e-05
3.21922e-05
2.56344e-05
1.91565e-05
1.27378e-05
6.35906e-06
0
0.000263511
0.000258936
0.00025844
0.000261697
0.000258737
0.000254986
0.000250362
0.000244996
0.00023924
0.000234132
0.000233005
0.000225764
0.000218628
0.00021301
0.000205478
0.000197974
0.000189523
0.000180895
0.000171955
0.000163015
0.000154112
0.000145228
0.000136383
0.00012763
0.000119016
0.000110585
0.000102359
9.43554e-05
8.65737e-05
7.90107e-05
7.16551e-05
6.44961e-05
5.75174e-05
5.07047e-05
4.40392e-05
3.75048e-05
3.1082e-05
2.47533e-05
1.84992e-05
1.23016e-05
6.14138e-06
0
0.00024909
0.000247182
0.000246664
0.000247434
0.000245356
0.000242117
0.000238036
0.000233333
0.000228367
0.00022383
0.000220597
0.000214745
0.00020844
0.000202473
0.000195588
0.00018837
0.000180558
0.000172464
0.00016413
0.000155726
0.000147316
0.000138916
0.000130554
0.000122271
0.000114109
0.000106102
9.82763e-05
9.06441e-05
8.32116e-05
7.59749e-05
6.89289e-05
6.20618e-05
5.53627e-05
4.88159e-05
4.24078e-05
3.61208e-05
2.99394e-05
2.38455e-05
1.78224e-05
1.1852e-05
5.91723e-06
0
0.000235707
0.00023494
0.000234437
0.00023417
0.000232383
0.000229544
0.000225929
0.000221763
0.000217343
0.000213069
0.000209109
0.000203885
0.000198134
0.000192259
0.000185815
0.000178976
0.000171692
0.000164117
0.000156328
0.00014844
0.000140516
0.000132592
0.000124697
0.00011687
0.000109146
0.000101557
9.41243e-05
8.68637e-05
7.97795e-05
7.28733e-05
6.61388e-05
5.95695e-05
5.31533e-05
4.68795e-05
4.0733e-05
3.47005e-05
2.87655e-05
2.29133e-05
1.71267e-05
1.13903e-05
5.68676e-06
0
0.000222877
0.000222604
0.000222127
0.000221439
0.000219779
0.000217243
0.000214014
0.000210282
0.000206269
0.000202198
0.000198066
0.000193211
0.000187872
0.000182243
0.00017618
0.000169738
0.000162929
0.000155845
0.000148562
0.000141166
0.000133718
0.000126256
0.000118816
0.000111432
0.000104136
9.69556e-05
8.9913e-05
8.30202e-05
7.62861e-05
6.97104e-05
6.32918e-05
5.70223e-05
5.0895e-05
4.48974e-05
3.9019e-05
3.32452e-05
2.75632e-05
2.19575e-05
1.64139e-05
1.09166e-05
5.45056e-06
0
0.000210397
0.000210341
0.000209892
0.000209051
0.000207481
0.000205186
0.000202277
0.0001989
0.000195214
0.00019135
0.000187276
0.000182707
0.000177711
0.000172381
0.000166678
0.00016063
0.000154262
0.000147642
0.000140836
0.000133911
0.000126923
0.000119913
0.000112915
0.000105963
9.90849e-05
9.23072e-05
8.5648e-05
7.91223e-05
7.2736e-05
6.64934e-05
6.03912e-05
5.44265e-05
4.85901e-05
4.28745e-05
3.72674e-05
3.17584e-05
2.63335e-05
2.09804e-05
1.56845e-05
1.04322e-05
5.20878e-06
0
0.000198179
0.000198214
0.000197794
0.000196919
0.00019544
0.000193344
0.000190704
0.000187626
0.000184223
0.000180574
0.000176659
0.000172352
0.000167668
0.00016265
0.000157298
0.000151633
0.000145685
0.000139505
0.000133151
0.000126678
0.000120137
0.000113566
0.000106999
0.000100468
9.39996e-05
8.76161e-05
8.13372e-05
7.51742e-05
6.91365e-05
6.32259e-05
5.74436e-05
5.17843e-05
4.62438e-05
4.08124e-05
3.54823e-05
3.02413e-05
2.50792e-05
1.99827e-05
1.49401e-05
9.93743e-06
4.962e-06
0
0.000186177
0.000186249
0.000185855
0.000185
0.000183614
0.000181693
0.000179285
0.000176467
0.000173318
0.000169892
0.000166181
0.00016213
0.000157741
0.000153037
0.000148028
0.000142735
0.000137188
0.00013143
0.000125507
0.00011947
0.00011336
0.000107217
0.000101071
9.49515e-05
8.88835e-05
8.28895e-05
7.69846e-05
7.11832e-05
6.54913e-05
5.99146e-05
5.44516e-05
4.91017e-05
4.38581e-05
3.87158e-05
3.36649e-05
2.86973e-05
2.38012e-05
1.89667e-05
1.41812e-05
9.43338e-06
4.71036e-06
0
0.000174364
0.000174446
0.00017408
0.000173265
0.000171977
0.000170213
0.00016801
0.000165423
0.000162511
0.000159309
0.000155822
0.000152027
0.000147925
0.00014353
0.000138858
0.000133927
0.000128766
0.000123411
0.000117905
0.000112286
0.000106597
0.000100868
9.5133e-05
8.94161e-05
8.37425e-05
7.81303e-05
7.2597e-05
6.71526e-05
6.18068e-05
5.65621e-05
5.14211e-05
4.63805e-05
4.1438e-05
3.65862e-05
3.18192e-05
2.71273e-05
2.25023e-05
1.7933e-05
1.34096e-05
8.92032e-06
4.45441e-06
0
0.000162719
0.000162801
0.00016246
0.000161699
0.000160506
0.000158888
0.00015687
0.000154495
0.000151804
0.000148827
0.000145572
0.000142032
0.000138211
0.000134122
0.000129778
0.0001252
0.000120412
0.000115447
0.00011034
0.000105129
9.98455e-05
9.45231e-05
8.91881e-05
8.38667e-05
7.85789e-05
7.33446e-05
6.81769e-05
6.30886e-05
5.80857e-05
5.31744e-05
4.83542e-05
4.36261e-05
3.8985e-05
3.44277e-05
2.99463e-05
2.55347e-05
2.11831e-05
1.68836e-05
1.26255e-05
8.39936e-06
4.19429e-06
0
0.000151229
0.000151304
0.000150989
0.000150283
0.000149185
0.000147702
0.000145856
0.000143677
0.000141198
0.000138443
0.000135421
0.000132136
0.000128593
0.000124803
0.000120781
0.000116545
0.00011212
0.000107532
0.000102814
9.79955e-05
9.31091e-05
8.81814e-05
8.32394e-05
7.83043e-05
7.33976e-05
6.85344e-05
6.373e-05
5.89935e-05
5.43337e-05
4.97534e-05
4.52562e-05
4.08399e-05
3.65036e-05
3.22416e-05
2.80497e-05
2.39201e-05
1.98464e-05
1.58192e-05
1.18306e-05
7.87072e-06
3.93052e-06
0
0.000139877
0.000139946
0.000139655
0.000139006
0.000137999
0.000136644
0.000134958
0.000132965
0.000130689
0.000128152
0.000125363
0.00012233
0.00011906
0.000115565
0.000111858
0.000107958
0.000103884
9.96636e-05
9.53215e-05
9.08871e-05
8.63863e-05
8.18457e-05
7.72873e-05
7.27331e-05
6.81999e-05
6.37046e-05
5.92583e-05
5.48725e-05
5.05525e-05
4.63045e-05
4.21287e-05
3.80267e-05
3.39951e-05
3.00317e-05
2.61305e-05
2.22868e-05
1.84927e-05
1.47417e-05
1.10252e-05
7.33544e-06
3.66321e-06
0
0.000128653
0.000128713
0.000128447
0.000127853
0.000126936
0.000125702
0.000124168
0.000122352
0.000120273
0.000117949
0.000115391
0.000112607
0.000109608
0.000106402
0.000103005
9.9431e-05
9.57015e-05
9.1837e-05
8.78624e-05
8.38011e-05
7.96783e-05
7.55154e-05
7.13347e-05
6.71535e-05
6.29899e-05
5.88565e-05
5.47665e-05
5.07273e-05
4.67472e-05
4.2829e-05
3.89763e-05
3.51879e-05
3.14636e-05
2.77992e-05
2.41919e-05
2.06352e-05
1.71244e-05
1.36517e-05
1.02109e-05
6.79374e-06
3.39287e-06
0
0.000117542
0.000117597
0.000117353
0.000116815
0.000115983
0.000114867
0.000113477
0.000111831
0.000109943
0.000107828
0.000105497
0.000102961
0.000100226
9.73063e-05
9.4212e-05
9.09595e-05
8.75652e-05
8.40498e-05
8.0433e-05
7.67376e-05
7.29835e-05
6.91923e-05
6.53813e-05
6.15688e-05
5.77684e-05
5.39943e-05
5.02557e-05
4.65624e-05
4.29192e-05
3.93316e-05
3.58004e-05
3.23274e-05
2.89102e-05
2.55475e-05
2.22347e-05
1.89683e-05
1.57421e-05
1.2551e-05
9.38787e-06
6.24656e-06
3.11959e-06
0
0.000106537
0.000106584
0.000106364
0.000105878
0.00010513
0.000104126
0.000102877
0.000101395
9.96928e-05
9.7783e-05
9.56771e-05
9.3383e-05
9.09114e-05
8.82713e-05
8.54756e-05
8.25371e-05
7.94723e-05
7.62975e-05
7.30321e-05
6.96939e-05
6.63027e-05
6.28752e-05
5.94293e-05
5.59789e-05
5.25386e-05
4.91186e-05
4.573e-05
4.2379e-05
3.90726e-05
3.58135e-05
3.2605e-05
2.94465e-05
2.63384e-05
2.32775e-05
2.02619e-05
1.72867e-05
1.4348e-05
1.144e-05
8.55753e-06
5.69411e-06
2.84383e-06
0
9.56238e-05
9.56653e-05
9.5468e-05
9.50349e-05
9.43672e-05
9.34728e-05
9.23584e-05
9.10359e-05
8.9515e-05
8.78075e-05
8.5922e-05
8.38684e-05
8.16547e-05
7.92915e-05
7.67887e-05
7.41597e-05
7.14173e-05
6.85777e-05
6.56559e-05
6.26695e-05
5.96338e-05
5.65655e-05
5.34781e-05
5.03863e-05
4.73007e-05
4.42329e-05
4.11902e-05
3.81807e-05
3.52085e-05
3.22784e-05
2.93912e-05
2.65487e-05
2.37493e-05
2.09924e-05
1.82743e-05
1.55927e-05
1.29427e-05
1.03204e-05
7.72019e-06
5.13727e-06
2.5657e-06
0
8.47947e-05
8.48293e-05
8.46557e-05
8.42726e-05
8.36848e-05
8.28956e-05
8.19136e-05
8.0746e-05
7.94034e-05
7.78937e-05
7.62267e-05
7.44094e-05
7.24513e-05
7.03602e-05
6.81469e-05
6.58215e-05
6.33971e-05
6.08861e-05
5.83032e-05
5.56618e-05
5.29771e-05
5.02616e-05
4.75293e-05
4.47907e-05
4.20574e-05
3.93375e-05
3.66395e-05
3.39686e-05
3.13306e-05
2.87275e-05
2.61624e-05
2.3635e-05
2.1146e-05
1.86929e-05
1.62745e-05
1.38872e-05
1.15281e-05
9.19267e-06
6.87708e-06
4.57624e-06
2.28562e-06
0
7.40375e-05
7.4068e-05
7.39157e-05
7.35835e-05
7.3072e-05
7.2387e-05
7.15331e-05
7.05185e-05
6.93499e-05
6.8036e-05
6.65834e-05
6.50005e-05
6.32939e-05
6.14723e-05
5.95438e-05
5.75187e-05
5.54068e-05
5.32203e-05
5.09704e-05
4.867e-05
4.63305e-05
4.39644e-05
4.15819e-05
3.9194e-05
3.68088e-05
3.44351e-05
3.20786e-05
2.97457e-05
2.74395e-05
2.51639e-05
2.29197e-05
2.07086e-05
1.85294e-05
1.63818e-05
1.42633e-05
1.21722e-05
1.01048e-05
8.05832e-06
6.02852e-06
4.01181e-06
2.00368e-06
0
6.33448e-05
6.33694e-05
6.32402e-05
6.29563e-05
6.25211e-05
6.19369e-05
6.12098e-05
6.03443e-05
5.9348e-05
5.82263e-05
5.69866e-05
5.56345e-05
5.41774e-05
5.26215e-05
5.09751e-05
4.92458e-05
4.74432e-05
4.55763e-05
4.36558e-05
4.16914e-05
3.96939e-05
3.76724e-05
3.56371e-05
3.35957e-05
3.15567e-05
2.9526e-05
2.75101e-05
2.55128e-05
2.35384e-05
2.15887e-05
1.96661e-05
1.77704e-05
1.59022e-05
1.406e-05
1.2243e-05
1.04484e-05
8.67451e-06
6.9178e-06
5.17561e-06
3.4442e-06
1.72027e-06
0
5.27051e-05
5.2726e-05
5.2618e-05
5.23831e-05
5.20217e-05
5.15378e-05
5.09343e-05
5.02168e-05
4.93895e-05
4.84586e-05
4.74287e-05
4.63059e-05
4.50952e-05
4.3803e-05
4.24352e-05
4.09991e-05
3.95017e-05
3.79516e-05
3.63562e-05
3.47249e-05
3.30651e-05
3.13858e-05
2.96939e-05
2.79971e-05
2.63012e-05
2.46123e-05
2.29345e-05
2.12724e-05
1.96281e-05
1.80046e-05
1.64024e-05
1.4823e-05
1.32654e-05
1.17298e-05
1.02143e-05
8.71784e-06
7.23785e-06
5.77246e-06
4.31871e-06
2.8741e-06
1.4355e-06
0
4.21111e-05
4.21269e-05
4.20413e-05
4.18535e-05
4.1566e-05
4.11801e-05
4.06996e-05
4.01273e-05
3.9468e-05
3.87252e-05
3.79039e-05
3.70078e-05
3.60419e-05
3.50107e-05
3.39195e-05
3.27736e-05
3.15792e-05
3.03423e-05
2.90698e-05
2.77678e-05
2.64437e-05
2.51031e-05
2.37528e-05
2.23978e-05
2.10436e-05
1.96942e-05
1.83539e-05
1.70251e-05
1.57109e-05
1.44124e-05
1.31313e-05
1.18674e-05
1.06214e-05
9.39219e-06
8.17934e-06
6.98112e-06
5.79634e-06
4.62281e-06
3.45877e-06
2.30178e-06
1.14969e-06
0
3.1552e-05
3.15642e-05
3.14997e-05
3.13597e-05
3.11444e-05
3.08561e-05
3.04965e-05
3.00688e-05
2.95753e-05
2.90198e-05
2.84049e-05
2.77345e-05
2.70114e-05
2.62397e-05
2.54228e-05
2.45654e-05
2.36713e-05
2.27458e-05
2.17933e-05
2.0819e-05
1.98277e-05
1.88243e-05
1.78131e-05
1.67985e-05
1.57841e-05
1.47734e-05
1.37689e-05
1.27732e-05
1.17879e-05
1.08146e-05
9.85366e-06
8.90598e-06
7.97113e-06
7.04913e-06
6.13893e-06
5.23994e-06
4.35067e-06
3.47001e-06
2.59622e-06
1.72783e-06
8.62997e-07
0
2.10201e-05
2.10278e-05
2.09852e-05
2.08917e-05
2.07488e-05
2.05568e-05
2.03178e-05
2.0033e-05
1.97048e-05
1.93349e-05
1.89258e-05
1.84794e-05
1.79981e-05
1.74843e-05
1.69407e-05
1.63698e-05
1.57748e-05
1.51586e-05
1.45246e-05
1.3876e-05
1.32161e-05
1.25479e-05
1.18747e-05
1.1199e-05
1.05234e-05
9.85005e-06
9.18098e-06
8.51743e-06
7.86095e-06
7.21208e-06
6.57169e-06
5.93977e-06
5.3166e-06
4.70168e-06
4.09482e-06
3.49516e-06
2.90213e-06
2.31466e-06
1.73187e-06
1.15257e-06
5.75692e-07
0
1.05055e-05
1.05095e-05
1.04881e-05
1.04416e-05
1.037e-05
1.02743e-05
1.01548e-05
1.00127e-05
9.84872e-06
9.66404e-06
9.4596e-06
9.23665e-06
8.99619e-06
8.73956e-06
8.46793e-06
8.1828e-06
7.88551e-06
7.57775e-06
7.261e-06
6.93702e-06
6.6073e-06
6.27355e-06
5.93711e-06
5.59953e-06
5.26188e-06
4.92543e-06
4.59094e-06
4.25936e-06
3.93111e-06
3.6068e-06
3.28656e-06
2.97067e-06
2.659e-06
2.35156e-06
2.04802e-06
1.74817e-06
1.45154e-06
1.15775e-06
8.66232e-07
5.76503e-07
2.87947e-07
0
0
0
0
0
0
0
0
0
0
0
0
0
0
0
0
0
0
0
0
0
0
0
0
0
0
0
0
0
0
0
0
0
0
0
0
0
0
0
0
0
0
0
