47 42
0
0
0
0
0
0
0
0
0
0
0
0
0
0
0
0
0
0
0
0
0
0
0
0
0
0
0
0
0
0
0
0
0
0
0
0
0
0
0
0
0
0
0
2.8925e-07
5.79231e-07
8.70178e-07
1.16326e-06
1.45819e-06
1.75649e-06
2.05733e-06
2.36247e-06
2.67057e-06
2.98347e-06
3.29935e-06
3.61997e-06
3.94306e-06
4.2702e-06
4.59871e-06
4.92987e-06
5.2607e-06
5.5921e-06
5.92093e-06
6.24771e-06
6.56925e-06
6.88576e-06
7.19415e-06
7.4944e-06
7.78366e-06
8.06178e-06
8.32627e-06
8.57698e-06
8.81183e-06
9.03072e-06
9.23194e-06
9.4154e-06
9.57968e-06
9.72459e-06
9.84882e-06
9.95209e-06
1.00332e-05
1.00918e-05
1.01271e-05
1.01391e-05
1.01271e-05
0
5.78408e-07
1.1578e-06
1.74009e-06
2.32524e-06
2.91597e-06
3.51118e-06
4.11416e-06
4.72278e-06
5.34066e-06
5.96463e-06
6.59835e-06
7.23771e-06
7.88608e-06
8.53853e-06
9.19788e-06
9.8585e-06
1.05225e-05
1.11838e-05
1.18438e-05
1.24961e-05
1.31414e-05
1.37733e-05
1.43921e-05
1.49918e-05
1.55721e-05
1.61276e-05
1.66581e-05
1.71589e-05
1.76298e-05
1.80671e-05
1.84706e-05
1.88371e-05
1.91665e-05
1.94561e-05
1.97053e-05
1.99117e-05
2.00745e-05
2.01916e-05
2.02627e-05
2.02862e-05
2.02627e-05
0
8.66893e-07
1.73599e-06
2.60803e-06
3.48653e-06
4.37064e-06
5.26493e-06
6.167e-06
7.08207e-06
8.00621e-06
8.9449e-06
9.89273e-06
1.0855e-05
1.18249e-05
1.28072e-05
1.37939e-05
1.47886e-05
1.57827e-05
1.67786e-05
1.77669e-05
1.87493e-05
1.9716e-05
2.06676e-05
2.15949e-05
2.24977e-05
2.33675e-05
2.42037e-05
2.49989e-05
2.57526e-05
2.64585e-05
2.71164e-05
2.77213e-05
2.82727e-05
2.87666e-05
2.92025e-05
2.95762e-05
2.98871e-05
3.01314e-05
3.03081e-05
3.04145e-05
3.04504e-05
3.04145e-05
0
1.15509e-06
2.31219e-06
3.47515e-06
4.64395e-06
5.82403e-06
7.01328e-06
8.21828e-06
9.43486e-06
1.06702e-05
1.19182e-05
1.3186e-05
1.44655e-05
1.57635e-05
1.70702e-05
1.83911e-05
1.9715e-05
2.10461e-05
2.23722e-05
2.36958e-05
2.50044e-05
2.62991e-05
2.75674e-05
2.88092e-05
3.00126e-05
3.11772e-05
3.2292e-05
3.33564e-05
3.43612e-05
3.53058e-05
3.61829e-05
3.6992e-05
3.77273e-05
3.83883e-05
3.89696e-05
3.94702e-05
3.98851e-05
4.02127e-05
4.04486e-05
4.05917e-05
4.06391e-05
4.05917e-05
0
1.44194e-06
2.88761e-06
4.33831e-06
5.79991e-06
7.27117e-06
8.75965e-06
1.02615e-05
1.17854e-05
1.33251e-05
1.48895e-05
1.64699e-05
1.8075e-05
1.96937e-05
2.13337e-05
2.29818e-05
2.46442e-05
2.63061e-05
2.79716e-05
2.96253e-05
3.12691e-05
3.28873e-05
3.44804e-05
3.60331e-05
3.75447e-05
3.90011e-05
4.0401e-05
4.17321e-05
4.29933e-05
4.41746e-05
4.52752e-05
4.6287e-05
4.72097e-05
4.80364e-05
4.87664e-05
4.93931e-05
4.99148e-05
5.03253e-05
5.06226e-05
5.08016e-05
5.08622e-05
5.08016e-05
0
1.72828e-06
3.45967e-06
5.2e-06
6.9494e-06
8.71602e-06
1.04969e-05
1.23019e-05
1.41251e-05
1.59771e-05
1.7849e-05
1.97516e-05
2.1673e-05
2.36231e-05
2.55875e-05
2.75743e-05
2.95669e-05
3.15712e-05
3.35691e-05
3.5564e-05
3.75371e-05
3.94896e-05
4.14027e-05
4.32761e-05
4.5092e-05
4.68487e-05
4.85305e-05
5.01356e-05
5.16506e-05
5.30744e-05
5.43962e-05
5.56154e-05
5.67237e-05
5.77203e-05
5.85978e-05
5.93543e-05
5.99823e-05
6.04789e-05
6.08369e-05
6.10544e-05
6.11264e-05
6.10544e-05
0
2.01258e-06
4.03048e-06
6.05571e-06
8.09651e-06
1.01514e-05
1.22309e-05
1.43301e-05
1.6461e-05
1.86152e-05
2.08051e-05
2.3019e-05
2.52688e-05
2.75395e-05
2.98415e-05
3.21568e-05
3.44933e-05
3.6831e-05
3.91749e-05
4.15035e-05
4.38189e-05
4.60994e-05
4.83449e-05
5.05339e-05
5.26649e-05
5.47181e-05
5.66912e-05
5.8567e-05
6.03435e-05
6.20069e-05
6.3556e-05
6.49803e-05
6.62793e-05
6.7444e-05
6.84735e-05
6.9359e-05
7.00975e-05
7.06797e-05
7.1102e-05
7.13567e-05
7.14428e-05
7.13567e-05
0
2.29611e-06
4.59655e-06
6.90917e-06
9.23445e-06
1.15832e-05
1.39521e-05
1.63539e-05
1.87814e-05
2.12487e-05
2.37444e-05
2.62826e-05
2.88483e-05
3.14541e-05
3.40816e-05
3.67409e-05
3.94105e-05
4.20973e-05
4.47778e-05
4.74555e-05
5.01056e-05
5.27287e-05
5.53002e-05
5.78183e-05
6.02595e-05
6.26209e-05
6.48813e-05
6.70375e-05
6.90721e-05
7.0983e-05
7.27566e-05
7.43922e-05
7.58793e-05
7.72176e-05
7.83977e-05
7.94173e-05
8.02658e-05
8.09383e-05
8.14243e-05
8.17199e-05
8.18181e-05
8.17199e-05
0
2.57689e-06
5.16079e-06
7.75456e-06
1.03689e-05
1.30023e-05
1.56683e-05
1.83611e-05
2.10962e-05
2.38632e-05
2.66782e-05
2.95267e-05
3.24238e-05
3.53509e-05
3.83208e-05
4.13112e-05
4.43315e-05
4.73562e-05
5.03909e-05
5.34083e-05
5.641e-05
5.93682e-05
6.22816e-05
6.51228e-05
6.78885e-05
7.05534e-05
7.31132e-05
7.55461e-05
7.78485e-05
8.00034e-05
8.20091e-05
8.38529e-05
8.55346e-05
8.70441e-05
8.83807e-05
8.95335e-05
9.04978e-05
9.12606e-05
9.18153e-05
9.21507e-05
9.22641e-05
9.21507e-05
0
2.85658e-06
5.71884e-06
8.59676e-06
1.14914e-05
1.44163e-05
1.73677e-05
2.03619e-05
2.33905e-05
2.64708e-05
2.95898e-05
3.27646e-05
3.59776e-05
3.92439e-05
4.25415e-05
4.58822e-05
4.924e-05
5.26223e-05
5.6e-05
5.93764e-05
6.27207e-05
6.60322e-05
6.92803e-05
7.24613e-05
7.5546e-05
7.85291e-05
8.1384e-05
8.41055e-05
8.66721e-05
8.90805e-05
9.13148e-05
9.33741e-05
9.52471e-05
9.69343e-05
9.84256e-05
9.97183e-05
0.000100799
0.000101658
0.000102281
0.000102661
0.000102788
0.000102661
0
3.13278e-06
6.27436e-06
9.4287e-06
1.26089e-05
1.58139e-05
1.90602e-05
2.23416e-05
2.56766e-05
2.90541e-05
3.24931e-05
3.59774e-05
3.95247e-05
4.31138e-05
4.67593e-05
5.04353e-05
5.41517e-05
5.78784e-05
6.16206e-05
6.53452e-05
6.90526e-05
7.27091e-05
7.63111e-05
7.98257e-05
8.32466e-05
8.6543e-05
8.97077e-05
9.2714e-05
9.55562e-05
9.82143e-05
0.000100686
0.000102957
0.000105028
0.00010689
0.000108543
0.000109975
0.000111179
0.000112136
0.000112835
0.000113259
0.000113402
0.000113259
0
3.40749e-06
6.8222e-06
1.02563e-05
1.37116e-05
1.72046e-05
2.07317e-05
2.43122e-05
2.79371e-05
3.16273e-05
3.53684e-05
3.91806e-05
4.30442e-05
4.69769e-05
5.09534e-05
5.49869e-05
5.90471e-05
6.31414e-05
6.72356e-05
7.13313e-05
7.53921e-05
7.9415e-05
8.33636e-05
8.72314e-05
9.09833e-05
9.46103e-05
9.80807e-05
0.000101386
0.0001045
0.000107418
0.000110123
0.000112614
0.00011488
0.000116923
0.000118735
0.000120315
0.000121644
0.000122708
0.000123483
0.000123957
0.000124116
0.000123957
0
3.67796e-06
7.36665e-06
1.10714e-05
1.48077e-05
1.85753e-05
2.23937e-05
2.62566e-05
3.01861e-05
3.41703e-05
3.82316e-05
4.23524e-05
4.65533e-05
5.08108e-05
5.51413e-05
5.95156e-05
6.39439e-05
6.83916e-05
7.28624e-05
7.73179e-05
8.17558e-05
8.61367e-05
9.0454e-05
9.4669e-05
9.87717e-05
0.000102725
0.000106518
0.000110119
0.000113518
0.000116692
0.00011964
0.000122346
0.000124813
0.000127033
0.000129012
0.00013074
0.000132204
0.000133378
0.000134239
0.000134765
0.000134942
0.000134765
0
3.94646e-06
7.90187e-06
1.18807e-05
1.58859e-05
1.99367e-05
2.40302e-05
2.81889e-05
3.24039e-05
3.66993e-05
4.10603e-05
4.55102e-05
5.0028e-05
5.46335e-05
5.92994e-05
6.40395e-05
6.882e-05
7.36472e-05
7.84818e-05
8.33228e-05
8.81282e-05
9.28914e-05
9.75706e-05
0.000102155
0.000106604
0.000110904
0.000115017
0.000118928
0.000122609
0.000126051
0.000129237
0.000132166
0.000134829
0.000137231
0.000139375
0.00014126
0.000142864
0.00014416
0.000145112
0.000145696
0.000145892
0.000145696
0
4.20993e-06
8.43267e-06
1.26751e-05
1.69554e-05
2.12742e-05
2.56541e-05
3.00897e-05
3.4606e-05
3.91916e-05
4.3872e-05
4.86294e-05
5.34869e-05
5.842e-05
6.34465e-05
6.85346e-05
7.36941e-05
7.88863e-05
8.41121e-05
8.93278e-05
9.4527e-05
9.96648e-05
0.00010473
0.00010968
0.000114498
0.000119142
0.000123593
0.000127813
0.000131789
0.000135495
0.000138929
0.000142077
0.000144939
0.000147517
0.00014983
0.000151877
0.000153635
0.00015506
0.000156115
0.000156761
0.00015698
0.000156761
0
4.47088e-06
8.95261e-06
1.3462e-05
1.80037e-05
2.25995e-05
2.72478e-05
3.19742e-05
3.67707e-05
4.16648e-05
4.6642e-05
5.17287e-05
5.69038e-05
6.21893e-05
6.75565e-05
7.30197e-05
7.8542e-05
8.41277e-05
8.97325e-05
9.53512e-05
0.000100936
0.000106475
0.000111921
0.000117259
0.000122444
0.000127454
0.000132243
0.00013679
0.000141058
0.00014504
0.000148717
0.000152091
0.000155147
0.000157898
0.000160378
0.000162597
0.00016452
0.000166093
0.00016726
0.000167979
0.000168221
0.000167979
0
4.72595e-06
9.46693e-06
1.42316e-05
1.90408e-05
2.38968e-05
2.88251e-05
3.38216e-05
3.89148e-05
4.40942e-05
4.93887e-05
5.47813e-05
6.02979e-05
6.59139e-05
7.16486e-05
7.74686e-05
8.33826e-05
8.93481e-05
9.53617e-05
0.000101374
0.000107372
0.000113306
0.000119159
0.000124884
0.00013046
0.000135837
0.000140985
0.000145858
0.000150434
0.000154687
0.000158615
0.000162213
0.000165464
0.000168372
0.000171019
0.00017342
0.000175529
0.000177267
0.000178564
0.000179363
0.000179634
0.000179363
0
4.97787e-06
9.96872e-06
1.49918e-05
2.00535e-05
2.51786e-05
3.03671e-05
3.56479e-05
4.10146e-05
4.64981e-05
5.20854e-05
5.78063e-05
6.36408e-05
6.96131e-05
7.56947e-05
8.19001e-05
8.81902e-05
9.45659e-05
0.000100978
0.000107414
0.00011382
0.000120176
0.000126433
0.00013257
0.000138538
0.000144307
0.000149818
0.000155037
0.000159918
0.000164452
0.000168626
0.00017246
0.0001759
0.000178939
0.000181744
0.000184348
0.000186668
0.000188597
0.000190041
0.000190934
0.000191235
0.000190934
0
5.22307e-06
1.04635e-05
1.5732e-05
2.10521e-05
2.64281e-05
3.18884e-05
3.7431e-05
4.30877e-05
4.88503e-05
5.47511e-05
6.07752e-05
6.69517e-05
7.32575e-05
7.97135e-05
8.62862e-05
9.29827e-05
9.97567e-05
0.000106599
0.000113452
0.000120296
0.000127072
0.000133758
0.000140306
0.000146693
0.00015286
0.00015876
0.000164329
0.000169528
0.00017434
0.000178759
0.000182844
0.000186479
0.000189587
0.000192541
0.000195373
0.000197945
0.000200097
0.000201713
0.000202711
0.000203049
0.000202711
0
5.4644e-06
1.0944e-05
1.64606e-05
2.20228e-05
2.76581e-05
3.33689e-05
3.91872e-05
4.51092e-05
5.11693e-05
5.73575e-05
6.3707e-05
7.02007e-05
7.68657e-05
8.36753e-05
9.06444e-05
9.7733e-05
0.000104938
0.000112203
0.000119507
0.000126785
0.000134008
0.000141123
0.000148108
0.000154918
0.000161514
0.000167812
0.000173755
0.00017927
0.000184369
0.000189006
0.000193387
0.000197242
0.00020029
0.00020338
0.000206492
0.000209367
0.000211786
0.0002136
0.000214721
0.000215099
0.000214721
0
5.69813e-06
1.1416e-05
1.71666e-05
2.29762e-05
2.88513e-05
3.48236e-05
4.08936e-05
4.70968e-05
5.34279e-05
5.99234e-05
6.65718e-05
7.34061e-05
8.04067e-05
8.7597e-05
9.49453e-05
0.000102457
0.000110084
0.000117806
0.000125558
0.000133303
0.000140974
0.000148541
0.000155964
0.000163226
0.000170266
0.000176994
0.000183328
0.000189162
0.000194558
0.000199345
0.000204114
0.000208289
0.000210977
0.000214212
0.000217693
0.000220951
0.000223687
0.000225732
0.000226991
0.000227416
0.000226991
0
5.9272e-06
1.1872e-05
1.78586e-05
2.38981e-05
3.00209e-05
3.6232e-05
4.25668e-05
4.90248e-05
5.56443e-05
6.24195e-05
6.93877e-05
7.65366e-05
8.38973e-05
9.14475e-05
9.92038e-05
0.000107127
0.000115209
0.000123387
0.000131624
0.000139838
0.000147984
0.000156003
0.000163883
0.000171605
0.000179134
0.000186309
0.000193081
0.000199205
0.000204962
0.000209689
0.000215051
0.000219858
0.000221473
0.000224957
0.000228974
0.000232718
0.000235831
0.00023814
0.000239555
0.000240031
0.000239555
0
6.14782e-06
1.23178e-05
1.85254e-05
2.47993e-05
3.1149e-05
3.76089e-05
4.41832e-05
5.09107e-05
5.77907e-05
6.48637e-05
7.21239e-05
7.96089e-05
8.73055e-05
9.52411e-05
0.000103389
0.000111755
0.000120288
0.000128959
0.000137686
0.000146406
0.000155031
0.00016352
0.000171851
0.000180057
0.000188122
0.000195769
0.000203059
0.000209379
0.000215727
0.000219811
0.000226182
0.000232548
0.000231313
0.000235515
0.000240349
0.000244707
0.000248258
0.000250861
0.000252447
0.00025298
0.000252447
0
6.36295e-06
1.27459e-05
1.91755e-05
2.56653e-05
3.22487e-05
3.89338e-05
4.57592e-05
5.27286e-05
5.98845e-05
6.72264e-05
7.47971e-05
8.25911e-05
9.06454e-05
9.89452e-05
0.000107512
0.000116311
0.000125331
0.000134501
0.00014376
0.000152999
0.000162133
0.000171087
0.000179868
0.000188555
0.00019726
0.000205351
0.000213379
0.000219542
0.000227287
0.00022913
0.000237314
0.000256508
0.00613375
0.00766459
0.00826735
0.0085829
0.00877187
0.00888737
0.00895075
0.00897102
0.00895075
0
6.5688e-06
1.31621e-05
1.97978e-05
2.65071e-05
3.33024e-05
4.02212e-05
4.72713e-05
5.44954e-05
6.18979e-05
6.95244e-05
7.73762e-05
8.54974e-05
9.38838e-05
0.00010257
0.000111539
0.000120802
0.00013031
0.000140022
0.000149833
0.000159635
0.000169293
0.00017872
0.000187913
0.000197049
0.000206611
0.000214957
0.000224353
0.000229151
0.000254202
0.00608341
0.00795742
0.00944954
0.0130696
0.0149269
0.0159026
0.016473
0.0168288
0.0170497
0.0171718
0.0172109
0.0171718
0
6.76831e-06
1.35589e-05
2.04008e-05
2.73102e-05
3.43231e-05
4.14508e-05
4.87355e-05
5.61854e-05
6.38475e-05
7.17281e-05
7.98761e-05
8.82955e-05
9.70316e-05
0.000106082
0.000115477
0.000125194
0.000135227
0.000145499
0.000155917
0.000166317
0.000176538
0.000186432
0.000195982
0.000205392
0.000216392
0.000224194
0.000290772
0.00626428
0.00875133
0.0128336
0.0153189
0.0174029
0.0201325
0.0220072
0.0231889
0.0239473
0.024442
0.0247557
0.0249308
0.0249872
0.0249308
0
6.95775e-06
1.39422e-05
2.09736e-05
2.80855e-05
3.52932e-05
4.26369e-05
5.01286e-05
5.78148e-05
6.57058e-05
7.38527e-05
8.22657e-05
9.0997e-05
0.000100055
0.000109486
0.000119289
0.000129487
0.00014005
0.000150934
0.000162
0.000173066
0.000183894
0.000194267
0.000204097
0.000213178
0.000253091
0.0060559
0.00865245
0.0130307
0.0161956
0.0196527
0.0223298
0.0246383
0.0270049
0.0288405
0.0301336
0.0310242
0.0316288
0.0320207
0.0322419
0.0323134
0.0322419
0
7.14005e-06
1.43045e-05
2.15245e-05
2.88188e-05
3.62255e-05
4.37596e-05
5.14662e-05
5.93587e-05
6.74884e-05
7.58695e-05
8.45579e-05
9.35698e-05
0.000102961
0.000112747
0.000122973
0.000133643
0.00014477
0.000156297
0.000168089
0.000179894
0.000191414
0.000202291
0.000216166
0.00545964
0.0080877
0.0125205
0.0158958
0.0197312
0.0230458
0.0262546
0.0289797
0.0313632
0.0335741
0.0353752
0.0367308
0.0377128
0.0384017
0.0388572
0.0391171
0.0392015
0.0391171
0
7.31158e-06
1.46517e-05
2.2043e-05
2.95208e-05
3.71032e-05
4.48331e-05
5.27262e-05
6.08325e-05
6.9169e-05
7.77922e-05
8.67229e-05
9.60226e-05
0.000105716
0.000115864
0.000126491
0.000137646
0.000149342
0.000161573
0.000174168
0.000186827
0.000199157
0.000227058
0.00613513
0.0111314
0.0147957
0.0188641
0.0224857
0.0261236
0.0294426
0.0325365
0.0352602
0.0376598
0.0397988
0.0415783
0.0429714
0.0440169
0.0447694
0.0452753
0.0455668
0.045662
0.0455668
0
7.47523e-06
1.49767e-05
2.25373e-05
3.0178e-05
3.79389e-05
4.58381e-05
5.39233e-05
6.22128e-05
7.07621e-05
7.95937e-05
8.87713e-05
9.83246e-05
0.000108323
0.000118803
0.000129833
0.000141452
0.000153732
0.000166717
0.000180228
0.000193872
0.000251494
0.00628346
0.0118812
0.0167783
0.0208699
0.0248734
0.0285793
0.0321378
0.035429
0.0384595
0.0411661
0.0435601
0.0456626
0.0474302
0.0488476
0.0499376
0.0507376
0.0512829
0.0515996
0.0517035
0.0515996
0
7.62754e-06
1.52852e-05
2.29973e-05
3.0801e-05
3.87166e-05
4.67887e-05
5.50369e-05
6.35142e-05
7.22433e-05
8.12866e-05
9.06753e-05
0.000100482
0.00011075
0.000121559
0.00013296
0.000145032
0.00015787
0.00017168
0.000186239
0.00027044
0.00623624
0.0119992
0.0173808
0.0222163
0.0264839
0.0304966
0.0342347
0.0377567
0.0410185
0.0440083
0.0466946
0.0490762
0.0511577
0.0529192
0.0543535
0.0554752
0.0563105
0.056886
0.0572227
0.0573335
0.0572227
0
7.77135e-06
1.55704e-05
2.34313e-05
3.13769e-05
3.94485e-05
4.76669e-05
5.60816e-05
6.47151e-05
7.36265e-05
8.28459e-05
9.24443e-05
0.000102466
0.000112997
0.000124099
0.000135858
0.000148338
0.00016167
0.000176377
0.000231362
0.00604632
0.011799
0.0173564
0.0225803
0.0273626
0.031697
0.0357265
0.0394771
0.0429788
0.046216
0.0491769
0.0518439
0.054212
0.0562801
0.0580386
0.0594849
0.0606294
0.061491
0.0620896
0.0624418
0.0625579
0.0624418
0
7.90338e-06
1.5838e-05
2.38296e-05
3.1916e-05
4.01198e-05
4.84864e-05
5.70383e-05
6.58301e-05
7.48898e-05
8.42838e-05
9.40534e-05
0.000104282
0.000115035
0.000126415
0.000138497
0.000151349
0.000164985
0.000194635
0.00570731
0.0113508
0.0169378
0.0223389
0.0274438
0.0321759
0.0365275
0.0405656
0.0443189
0.0478064
0.0510238
0.0539628
0.0566128
0.0589685
0.0610272
0.0627841
0.0642391
0.0654002
0.0662813
0.0668974
0.0672615
0.0673819
0.0672615
0
8.02644e-06
1.60816e-05
2.42003e-05
3.24067e-05
4.07427e-05
4.9231e-05
5.79214e-05
6.68399e-05
7.60469e-05
8.55787e-05
9.55117e-05
0.000105905
0.000116861
0.000128478
0.000140869
0.000154082
0.000171195
0.0052008
0.010644
0.0161826
0.0216499
0.0269342
0.0319478
0.0366332
0.0409792
0.0450166
0.0487666
0.0522423
0.0554435
0.0583653
0.0610008
0.0633456
0.0653971
0.0671531
0.0686145
0.0697877
0.0706832
0.0713125
0.0716857
0.0718093
0.0716857
0
8.13747e-06
1.63068e-05
2.45346e-05
3.2859e-05
4.13037e-05
4.99141e-05
5.87143e-05
6.7759e-05
7.70793e-05
8.67432e-05
9.67989e-05
0.000107338
0.000118448
0.000130275
0.00014295
0.000156453
0.00429591
0.00956835
0.0150545
0.0205471
0.0259349
0.0311338
0.0360771
0.0407206
0.045051
0.0490811
0.0528241
0.0562889
0.0594765
0.0623841
0.0650074
0.0673429
0.0693888
0.0711439
0.0726099
0.073792
0.0746982
0.0753374
0.0757174
0.0758435
0.0757174
0
8.23922e-06
1.65077e-05
2.48403e-05
3.32622e-05
4.18147e-05
5.05213e-05
5.94312e-05
6.85711e-05
7.80012e-05
8.77602e-05
9.79254e-05
0.000108562
0.000119789
0.00013177
0.000144742
0.000170495
0.00752928
0.0133679
0.0189702
0.0244568
0.0297952
0.0349332
0.0398225
0.0444295
0.0487407
0.0527597
0.0564936
0.0599478
0.0631237
0.0660195
0.0686324
0.0709601
0.0730013
0.0747555
0.0762248
0.0774133
0.0783274
0.078974
0.0793592
0.0794872
0.0793592
0
8.32884e-06
1.66897e-05
2.51095e-05
3.36262e-05
4.22636e-05
5.10661e-05
6.00577e-05
6.92912e-05
7.87979e-05
8.86439e-05
9.8878e-05
0.000109586
0.00012086
0.000132921
0.00014566
0.0043813
0.0108033
0.0167578
0.0224347
0.0279272
0.0332355
0.0383301
0.0431782
0.0477543
0.0520461
0.0560523
0.059776
0.0632203
0.0663858
0.0692715
0.0718758
0.0741969
0.076234
0.0779874
0.0794589
0.0806521
0.081572
0.0822241
0.0826132
0.0827425
0.0826132
0
8.40904e-06
1.68474e-05
2.53498e-05
3.39413e-05
4.26623e-05
5.15357e-05
6.06085e-05
6.9906e-05
7.94848e-05
8.93825e-05
9.96719e-05
0.000110406
0.00012166
0.000133831
0.000153557
0.00733085
0.0137486
0.019753
0.0254724
0.0309716
0.0362607
0.0413246
0.0461411
0.0506917
0.0549653
0.0589586
0.0626721
0.0661069
0.0692633
0.0721406
0.0747375
0.077053
0.0790867
0.0808392
0.0823121
0.0835087
0.0844328
0.085089
0.0854809
0.0856113
0.0854809
0
8.47716e-06
1.69861e-05
2.55538e-05
3.42174e-05
4.29999e-05
5.19439e-05
6.10714e-05
7.0431e-05
8.00508e-05
8.99919e-05
0.000100303
0.000111048
0.000122134
0.000132622
0.0037588
0.0100539
0.0163463
0.0223563
0.0280962
0.0335992
0.0388754
0.0439171
0.0487097
0.0532394
0.057497
0.0614782
0.065182
0.0686082
0.0717567
0.0746267
0.0772175
0.0795283
0.0815592
0.0833107
0.0847846
0.0859834
0.0869107
0.0875698
0.0879639
0.088095
0.0879639
0
8.53585e-06
1.71008e-05
2.57291e-05
3.44453e-05
4.32883e-05
5.22793e-05
6.14615e-05
7.08561e-05
8.05123e-05
9.04638e-05
0.000100787
0.000111565
0.00012282
0.000133532
0.00593327
0.0122848
0.0185509
0.0245628
0.0303121
0.0358164
0.0410832
0.0461087
0.0508831
0.0553961
0.0596402
0.0636108
0.0673058
0.0707245
0.0738661
0.0767301
0.0793158
0.0816228
0.0836512
0.0854019
0.0868763
0.0880768
0.0890062
0.0896675
0.0900631
0.0901948
0.0900631
0
8.5826e-06
1.71967e-05
2.58687e-05
3.46349e-05
4.35174e-05
5.25557e-05
6.17686e-05
7.11976e-05
8.08621e-05
9.08125e-05
0.000101106
0.00011192
0.000123695
0.000136589
0.00742058
0.014053
0.0203526
0.0263699
0.0321234
0.037627
0.0428867
0.0479003
0.0526611
0.0571613
0.0613943
0.0653559
0.0690435
0.0724558
0.0755919
0.078451
0.0810326
0.0833365
0.0853629
0.0871127
0.0885874
0.089789
0.09072
0.0913828
0.0917795
0.0919116
0.0917795
0
8.61998e-06
1.72688e-05
2.59801e-05
3.47777e-05
4.36989e-05
5.27629e-05
6.2008e-05
7.14483e-05
8.11193e-05
9.10338e-05
0.000101247
0.000111933
0.00012418
0.000146394
0.00864343
0.0154453
0.0217614
0.0277784
0.0335319
0.0390337
0.0442879
0.049293
0.0540438
0.0585343
0.0627589
0.0667134
0.0703952
0.0738024
0.076934
0.0797893
0.0823678
0.0846693
0.0866942
0.0884433
0.0899181
0.0911205
0.0920525
0.0927164
0.0931138
0.0932462
0.0931138
0
8.64558e-06
1.73223e-05
2.60563e-05
3.4883e-05
4.38233e-05
5.29143e-05
6.21709e-05
7.16261e-05
8.12833e-05
9.11568e-05
0.000101218
0.000111401
0.000121249
0.00329976
0.00996842
0.0165156
0.0227834
0.0287883
0.0345384
0.0400379
0.045288
0.0502872
0.0550313
0.0595152
0.0637338
0.0676832
0.0713606
0.0747642
0.0778927
0.0807452
0.0833214
0.0856212
0.087645
0.0893937
0.0908685
0.0920713
0.093004
0.0936686
0.0940666
0.0941991
0.0940666
0
8.66189e-06
1.73524e-05
2.61048e-05
3.49425e-05
4.39016e-05
5.29999e-05
6.22718e-05
7.1725e-05
8.13788e-05
9.12074e-05
0.000101151
0.000110983
0.000120046
0.00473389
0.010843
0.0171915
0.0234059
0.0293966
0.0351428
0.0406402
0.0458878
0.0508836
0.0556238
0.0601037
0.0643187
0.0682651
0.0719399
0.0753413
0.0784678
0.0813188
0.0838936
0.0861924
0.0882155
0.0899639
0.0914387
0.0926418
0.0935749
0.0942398
0.094638
0.0947707
0.094638
0
8.66652e-06
1.7364e-05
2.61186e-05
3.49652e-05
4.39243e-05
5.3032e-05
6.23014e-05
7.17613e-05
8.14057e-05
9.12239e-05
0.000101118
0.000110839
0.000119731
0.00514943
0.0111405
0.0174221
0.0236151
0.0295999
0.0353443
0.040841
0.0460877
0.0510824
0.0558213
0.0602999
0.0645137
0.068459
0.072133
0.0755336
0.0786596
0.0815099
0.0840844
0.0863828
0.0884057
0.0901539
0.0916288
0.0928319
0.0937651
0.0944301
0.0948285
0.0949612
0.0948285
0
8.66189e-06
1.73524e-05
2.61048e-05
3.49425e-05
4.39016e-05
5.29999e-05
6.22718e-05
7.1725e-05
8.13788e-05
9.12074e-05
0.000101151
0.000110983
0.000120046
0.00473389
0.010843
0.0171915
0.0234059
0.0293966
0.0351428
0.0406402
0.0458878
0.0508836
0.0556238
0.0601037
0.0643187
0.0682651
0.0719399
0.0753413
0.0784678
0.0813188
0.0838936
0.0861924
0.0882155
0.0899639
0.0914387
0.0926418
0.0935749
0.0942398
0.094638
0.0947707
0.094638
